"institution","period","euro","doi","is_hybrid","publisher","journal_full_title","issn","issn_print","issn_electronic","issn_l","license_ref","indexed_in_crossref","pmid","pmcid","ut","url","doaj"
"Frankfurt U",2023,3353.06,"10.1001/jamanetworkopen.2023.40256",FALSE,"American Medical Association (AMA)","JAMA Network Open","2574-3805",NA,"2574-3805","2574-3805",NA,TRUE,"37902752","PMC10616722",NA,NA,TRUE
"Frankfurt U",2024,3297,"10.1001/jamanetworkopen.2024.32927",FALSE,"American Medical Association (AMA)","JAMA Network Open","2574-3805",NA,"2574-3805","2574-3805","CC BY",TRUE,"39264626","PMC11393720",NA,NA,TRUE
"",,,"","","","","","","","","","","","","","",""
"",,,"","","","","","","","","","","","","","",""
"Frankfurt U",2024,2075.36,"10.1002/pan3.10637",FALSE,"Wiley-Blackwell","People and Nature","2575-8314","2575-8314","2575-8314","2575-8314","http://creativecommons.org/licenses/by-nc/4.0/",TRUE,NA,NA,NA,NA,TRUE
"Frankfurt U",2024,3266.55,"10.1007/s00292-024-01306-9",TRUE,"Springer Nature","Die Pathologie","2731-7188","2731-7188","2731-7196","2731-7188","https://creativecommons.org/licenses/by/4.0",TRUE,"38416173","PMC10902075",NA,NA,FALSE
"Frankfurt U",2023,2897.65,"10.1007/s11577-023-00882-7",TRUE,"Springer Nature","KZfSS Kölner Zeitschrift für Soziologie und Sozialpsychologie","0023-2653","0023-2653","1861-891X","0023-2653","https://creativecommons.org/licenses/by/4.0",TRUE,NA,NA,NA,NA,FALSE
"Frankfurt U",2023,3448.2,"10.1007/s11577-023-00903-5",TRUE,"Springer Nature","KZfSS Kölner Zeitschrift für Soziologie und Sozialpsychologie","0023-2653","0023-2653","1861-891X","0023-2653","https://creativecommons.org/licenses/by/4.0",TRUE,NA,NA,NA,NA,FALSE
"Frankfurt U",2023,2832.2,"10.1007/s11577-023-00908-0",TRUE,"Springer Nature","KZfSS Kölner Zeitschrift für Soziologie und Sozialpsychologie","0023-2653","0023-2653","1861-891X","0023-2653","https://creativecommons.org/licenses/by/4.0",TRUE,NA,NA,NA,NA,FALSE
"Frankfurt U",2023,1382.3,"10.1016/j.ajoc.2022.101770",FALSE,"Elsevier BV","American Journal of Ophthalmology Case Reports","2451-9936","2451-9936",NA,"2451-9936","http://creativecommons.org/licenses/by/4.0/",TRUE,"36507465","PMC9731877",NA,NA,TRUE
"Frankfurt U",2024,1059.1,"10.1016/j.bas.2024.104155",FALSE,"Elsevier BV","Brain and Spine","2772-5294","2772-5294",NA,"2772-5294","http://creativecommons.org/licenses/by-nc-nd/4.0/",TRUE,"39850592","PMC11753969",NA,NA,TRUE
"Frankfurt U",2024,3974.6,"10.1016/j.bbadis.2023.166906",TRUE,"Elsevier BV","Biochimica et Biophysica Acta (BBA) - Molecular Basis of Disease","0925-4439","0925-4439",NA,"0925-4439","http://creativecommons.org/licenses/by/4.0/",TRUE,"37802156",NA,NA,NA,FALSE
"Frankfurt U",2023,3061.3,"10.1016/j.bioflm.2023.100164",FALSE,"Elsevier BV","Biofilm","2590-2075","2590-2075",NA,"2590-2075","http://creativecommons.org/licenses/by-nc-nd/4.0/",TRUE,"38025836","PMC10656240",NA,NA,TRUE
"Frankfurt U",2024,3641.4,"10.1016/j.biopha.2024.116127",FALSE,"Elsevier BV","Biomedicine & Pharmacotherapy","0753-3322","0753-3322",NA,"0753-3322","http://creativecommons.org/licenses/by-nc-nd/4.0/",TRUE,"38198951","PMC10857809",NA,NA,FALSE
"Frankfurt U",2024,4622.08,"10.1016/j.bja.2023.12.014",TRUE,"Elsevier BV","British Journal of Anaesthesia","0007-0912","0007-0912",NA,"0007-0912","http://creativecommons.org/licenses/by-nc-nd/4.0/",TRUE,"38267339",NA,NA,NA,FALSE
"Frankfurt U",2023,1917.09,"10.1016/j.bpr.2023.100123",FALSE,"Elsevier BV","Biophysical Reports","2667-0747","2667-0747",NA,"2667-0747","http://creativecommons.org/licenses/by/4.0/",TRUE,"37680382","PMC10480660",NA,NA,TRUE
"",,,"","","","","","","","","","","","","","",""
"Frankfurt U",2024,5533.5,"10.1016/j.celrep.2023.112824",FALSE,"Elsevier BV","Cell Reports","2211-1247","2211-1247",NA,"2211-1247","http://creativecommons.org/licenses/by-nc-nd/4.0/",TRUE,"37481725",NA,NA,NA,TRUE
"Frankfurt U",2024,5807.2,"10.1016/j.celrep.2023.113484",FALSE,"Elsevier BV","Cell Reports","2211-1247","2211-1247",NA,"2211-1247","http://creativecommons.org/licenses/by-nc-nd/4.0/",TRUE,"37999976",NA,NA,NA,TRUE
"Frankfurt U",2023,3403.4,"10.1016/j.chemgeo.2023.121803",TRUE,"Elsevier BV","Chemical Geology","0009-2541","0009-2541",NA,"0009-2541","http://creativecommons.org/licenses/by/4.0/",TRUE,NA,NA,NA,NA,FALSE
"Frankfurt U",2023,4319.7,"10.1016/j.chiabu.2023.106221",TRUE,"Elsevier BV","Child Abuse & Neglect","0145-2134","0145-2134",NA,"0145-2134","http://creativecommons.org/licenses/by-nc-nd/4.0/",TRUE,"37178528",NA,NA,NA,FALSE
"Frankfurt U",2023,1844.5,"10.1016/j.clinsp.2023.100284",FALSE,"Elsevier BV","Clinics","1807-5932","1807-5932",NA,"1807-5932","http://creativecommons.org/licenses/by/4.0/",TRUE,"37783172","PMC10551827",NA,NA,TRUE
"Frankfurt U",2023,3379.6,"10.1016/j.cllc.2023.08.002",TRUE,"Elsevier BV","Clinical Lung Cancer","1525-7304","1525-7304",NA,"1525-7304","http://creativecommons.org/licenses/by-nc-nd/4.0/",TRUE,"37689579",NA,NA,NA,FALSE
"Frankfurt U",2024,3510.5,"10.1016/j.csbj.2023.11.011",FALSE,"Elsevier BV","Computational and Structural Biotechnology Journal","2001-0370","2001-0370",NA,"2001-0370","http://creativecommons.org/licenses/by-nc-nd/4.0/",TRUE,"38089932","PMC10711035",NA,NA,TRUE
"Frankfurt U",2023,571.2,"10.1016/j.dib.2023.109186",FALSE,"Elsevier BV","Data in Brief","2352-3409","2352-3409",NA,"2352-3409","http://creativecommons.org/licenses/by/4.0/",TRUE,"37383792","PMC10293975",NA,NA,TRUE
"Frankfurt U",2023,2403.8,"10.1016/j.elecom.2023.107545",FALSE,"Elsevier BV","Electrochemistry Communications","1388-2481","1388-2481",NA,"1388-2481","http://creativecommons.org/licenses/by-nc-nd/4.0/",TRUE,NA,NA,NA,NA,TRUE
"Frankfurt U",2023,1463.7,"10.1016/j.envc.2023.100712",FALSE,"Elsevier BV","Environmental Challenges","2667-0100","2667-0100",NA,"2667-0100","http://creativecommons.org/licenses/by-nc-nd/4.0/",TRUE,NA,NA,NA,NA,TRUE
"Frankfurt U",2024,4117.4,"10.1016/j.envint.2023.108368",FALSE,"Elsevier BV","Environment International","0160-4120","0160-4120",NA,"0160-4120","http://creativecommons.org/licenses/by/4.0/",TRUE,"38070438",NA,NA,NA,TRUE
"Frankfurt U",2023,3581.9,"10.1016/j.envsoft.2023.105764",TRUE,"Elsevier BV","Environmental Modelling & Software","1364-8152","1364-8152",NA,"1364-8152","http://creativecommons.org/licenses/by/4.0/",TRUE,NA,NA,NA,NA,FALSE
"Frankfurt U",2024,3760.4,"10.1016/j.foreco.2023.121580",TRUE,"Elsevier BV","Forest Ecology and Management","0378-1127","0378-1127",NA,"0378-1127","http://creativecommons.org/licenses/by-nc-nd/4.0/",TRUE,NA,NA,NA,NA,FALSE
"Frankfurt U",2023,2070.6,"10.1016/j.heliyon.2023.e14646",FALSE,"Elsevier BV","Heliyon","2405-8440","2405-8440",NA,"2405-8440","http://creativecommons.org/licenses/by-nc-nd/4.0/",TRUE,"37009241","PMC10060570",NA,NA,TRUE
"Frankfurt U",2023,2237.2,"10.1016/j.heliyon.2023.e17396",FALSE,"Elsevier BV","Heliyon","2405-8440","2405-8440",NA,"2405-8440","http://creativecommons.org/licenses/by-nc-nd/4.0/",TRUE,"37408923","PMC10318444",NA,NA,TRUE
"Frankfurt U",2024,2237.2,"10.1016/j.heliyon.2023.e23379",FALSE,"Elsevier BV","Heliyon","2405-8440","2405-8440",NA,"2405-8440","http://creativecommons.org/licenses/by-nc-nd/4.0/",TRUE,"38148800","PMC10750160",NA,NA,TRUE
"",,,"","","","","","","","","","","","","","",""
"",,,"","","","","","","","","","","","","","",""
"Frankfurt U",2023,2779.01,"10.1016/j.ijid.2022.12.034",FALSE,"Elsevier BV","International Journal of Infectious Diseases","1201-9712","1201-9712",NA,"1201-9712","http://creativecommons.org/licenses/by-nc-nd/4.0/",TRUE,"36587839","PMC9800011",NA,NA,TRUE
"Frankfurt U",2023,737.8,"10.1016/j.ijid.2023.07.006",FALSE,"Elsevier BV","International Journal of Infectious Diseases","1201-9712","1201-9712",NA,"1201-9712","http://creativecommons.org/licenses/by/4.0/",TRUE,"37454890",NA,NA,NA,TRUE
"Frankfurt U",2023,737.8,"10.1016/j.ijid.2023.07.009",FALSE,"Elsevier BV","International Journal of Infectious Diseases","1201-9712","1201-9712",NA,"1201-9712","http://creativecommons.org/licenses/by/4.0/",TRUE,"37454889",NA,NA,NA,TRUE
"Frankfurt U",2023,2011.1,"10.1016/j.ijppaw.2023.01.003",FALSE,"Elsevier BV","International Journal for Parasitology: Parasites and Wildlife","2213-2244","2213-2244",NA,"2213-2244","http://creativecommons.org/licenses/by-nc-nd/4.0/",TRUE,"36688078","PMC9852791",NA,NA,TRUE
"Frankfurt U",2023,2094.4,"10.1016/j.ijppaw.2023.10.004",FALSE,"Elsevier BV","International Journal for Parasitology: Parasites and Wildlife","2213-2244","2213-2244",NA,"2213-2244","http://creativecommons.org/licenses/by-nc-nd/4.0/",TRUE,"37869059","PMC10585636",NA,NA,TRUE
"Frankfurt U",2024,1944.91,"10.1016/j.ijresmar.2023.10.001",TRUE,"Elsevier BV","International Journal of Research in Marketing","0167-8116","0167-8116",NA,"0167-8116","http://creativecommons.org/licenses/by/4.0/",TRUE,NA,NA,NA,NA,FALSE
"Frankfurt U",2024,3712.8,"10.1016/j.ijresmar.2024.07.003",TRUE,"Elsevier BV","International Journal of Research in Marketing","0167-8116","0167-8116",NA,"0167-8116","http://creativecommons.org/licenses/by/4.0/",TRUE,NA,NA,NA,NA,FALSE
"Frankfurt U",2023,3094,"10.1016/j.isci.2023.105944",FALSE,"Elsevier BV","iScience","2589-0042","2589-0042",NA,"2589-0042","http://creativecommons.org/licenses/by-nc-nd/4.0/",TRUE,"36644320","PMC9822553",NA,NA,TRUE
"Frankfurt U",2023,3189.2,"10.1016/j.isci.2023.106900",FALSE,"Elsevier BV","iScience","2589-0042","2589-0042",NA,"2589-0042","http://creativecommons.org/licenses/by-nc-nd/4.0/",TRUE,"37378346","PMC10291325",NA,NA,TRUE
"Frankfurt U",2023,1547,"10.1016/j.isci.2023.107844",FALSE,"Elsevier BV","iScience","2589-0042","2589-0042",NA,"2589-0042","http://creativecommons.org/licenses/by-nc-nd/4.0/",TRUE,"37766974","PMC10520325",NA,NA,TRUE
"Frankfurt U",2024,401.84,"10.1016/j.jafr.2024.101264",FALSE,"Elsevier BV","Journal of Agriculture and Food Research","2666-1543","2666-1543",NA,"2666-1543","http://creativecommons.org/licenses/by-nc-nd/4.0/",TRUE,NA,NA,NA,NA,TRUE
"Frankfurt U",2023,2641.8,"10.1016/j.jbankfin.2023.106941",TRUE,"Elsevier BV","Journal of Banking & Finance","0378-4266","0378-4266",NA,"0378-4266","http://creativecommons.org/licenses/by-nc-nd/4.0/",TRUE,NA,NA,NA,NA,FALSE
"Frankfurt U",2024,3034.5,"10.1016/j.jbc.2024.107440",FALSE,"Elsevier BV","Journal of Biological Chemistry","0021-9258","0021-9258",NA,"0021-9258","http://creativecommons.org/licenses/by/4.0/",TRUE,"38844133","PMC11267003",NA,NA,TRUE
"Frankfurt U",2024,3034.5,"10.1016/j.jbc.2024.107457",FALSE,"Elsevier BV","Journal of Biological Chemistry","0021-9258","0021-9258",NA,"0021-9258","http://creativecommons.org/licenses/by/4.0/",TRUE,"38866324","PMC11262183",NA,NA,TRUE
"Frankfurt U",2024,3082.6,"10.1016/j.jbc.2024.107550",FALSE,"Elsevier BV","Journal of Biological Chemistry","0021-9258","0021-9258",NA,"0021-9258","http://creativecommons.org/licenses/by/4.0/",TRUE,"39002682","PMC11357854",NA,NA,TRUE
"Frankfurt U",2025,3034.5,"10.1016/j.jbc.2024.108041",FALSE,"Elsevier BV","Journal of Biological Chemistry","0021-9258","0021-9258",NA,"0021-9258","http://creativecommons.org/licenses/by/4.0/",TRUE,"39615687","PMC11731258",NA,NA,TRUE
"Frankfurt U",2024,3034.5,"10.1016/j.jbc.2024.108083",FALSE,"Elsevier BV","Journal of Biological Chemistry","0021-9258","0021-9258",NA,"0021-9258","http://creativecommons.org/licenses/by/4.0/",TRUE,"39675703","PMC11773018",NA,NA,TRUE
"Frankfurt U",2023,3082.1,"10.1016/j.jesp.2023.104488",TRUE,"Elsevier BV","Journal of Experimental Social Psychology","0022-1031","0022-1031",NA,"0022-1031","http://creativecommons.org/licenses/by-nc-nd/4.0/",TRUE,NA,NA,NA,NA,FALSE
"Frankfurt U",2024,547.89,"10.1016/j.jff.2024.106088",FALSE,"Elsevier BV","Journal of Functional Foods","1756-4646","1756-4646",NA,"1756-4646","http://creativecommons.org/licenses/by-nc-nd/4.0/",TRUE,NA,NA,NA,NA,TRUE
"Frankfurt U",2023,2159.85,"10.1016/j.jhepr.2023.100701",FALSE,"Elsevier BV","JHEP Reports","2589-5559","2589-5559",NA,"2589-5559","http://creativecommons.org/licenses/by-nc-nd/4.0/",TRUE,"37305441","PMC10250927",NA,NA,TRUE
"Frankfurt U",2024,3815.74,"10.1016/j.jhepr.2023.100994",FALSE,"Elsevier BV","JHEP Reports","2589-5559","2589-5559",NA,"2589-5559","http://creativecommons.org/licenses/by-nc-nd/4.0/",TRUE,"38357421","PMC10865039",NA,NA,TRUE
"Frankfurt U",2023,3915.1,"10.1016/j.jmoneco.2023.05.012",TRUE,"Elsevier BV","Journal of Monetary Economics","0304-3932","0304-3932",NA,"0304-3932","http://creativecommons.org/licenses/by/4.0/",TRUE,NA,NA,NA,NA,FALSE
"Frankfurt U",2023,2653.7,"10.1016/j.micinf.2023.105172",TRUE,"Elsevier BV","Microbes and Infection","1286-4579","1286-4579",NA,"1286-4579","http://creativecommons.org/licenses/by-nc-nd/4.0/",TRUE,"37343664",NA,NA,NA,FALSE
"Frankfurt U",2024,2606.1,"10.1016/j.nbd.2021.105289",FALSE,"Elsevier BV","Neurobiology of Disease","0969-9961","0969-9961",NA,"0969-9961","http://creativecommons.org/licenses/by-nc-nd/4.0/",TRUE,"33577922",NA,NA,NA,TRUE
"Frankfurt U",2023,2090.83,"10.1016/j.nbt.2023.08.004",FALSE,"Elsevier BV","New Biotechnology","1871-6784","1871-6784",NA,"1871-6784","http://creativecommons.org/licenses/by-nc-nd/4.0/",TRUE,"37652265",NA,NA,NA,TRUE
"Frankfurt U",2023,3486.7,"10.1016/j.neunet.2023.01.014",TRUE,"Elsevier BV","Neural Networks","0893-6080","0893-6080",NA,"0893-6080","http://creativecommons.org/licenses/by/4.0/",TRUE,"36724547",NA,NA,NA,FALSE
"",,,"","","","","","","","","","","","","","",""
"Frankfurt U",2023,9662.8,"10.1016/j.neuron.2023.08.025",TRUE,"Elsevier BV","Neuron","0896-6273","0896-6273",NA,"0896-6273","http://creativecommons.org/licenses/by-nc/4.0/",TRUE,"37741275",NA,NA,NA,FALSE
"Frankfurt U",2024,3689,"10.1016/j.nicl.2023.103360",FALSE,"Elsevier BV","NeuroImage: Clinical","2213-1582","2213-1582",NA,"2213-1582","http://creativecommons.org/licenses/by/4.0/",TRUE,"36889100","PMC10009723",NA,NA,TRUE
"Frankfurt U",2024,3689,"10.1016/j.nicl.2024.103586",FALSE,"Elsevier BV","NeuroImage: Clinical","2213-1582","2213-1582",NA,"2213-1582","http://creativecommons.org/licenses/by-nc-nd/4.0/",TRUE,"38428325","PMC10944179",NA,NA,TRUE
"Frankfurt U",2023,3308.2,"10.1016/j.prostaglandins.2023.106726",TRUE,"Elsevier BV","Prostaglandins & Other Lipid Mediators","1098-8823","1098-8823",NA,"1098-8823","http://creativecommons.org/licenses/by-nc-nd/4.0/",TRUE,"36878381",NA,NA,NA,FALSE
"Frankfurt U",2023,4236.4,"10.1016/j.redox.2023.102694",FALSE,"Elsevier BV","Redox Biology","2213-2317","2213-2317",NA,"2213-2317","http://creativecommons.org/licenses/by-nc-nd/4.0/",TRUE,"37030150","PMC10119959",NA,NA,TRUE
"Frankfurt U",2023,4117.4,"10.1016/j.scitotenv.2023.166540",TRUE,"Elsevier BV","Science of The Total Environment","0048-9697","0048-9697",NA,"0048-9697","http://creativecommons.org/licenses/by-nc/4.0/",TRUE,"37634730",NA,NA,NA,FALSE
"Frankfurt U",2023,1758.23,"10.1016/j.seares.2022.102332",FALSE,"Elsevier BV","Journal of Sea Research","1385-1101","1385-1101",NA,"1385-1101","http://creativecommons.org/licenses/by-nc-nd/4.0/",TRUE,NA,NA,NA,NA,TRUE
"Frankfurt U",2024,3320.1,"10.1016/j.ssresearch.2024.103003",TRUE,"Elsevier BV","Social Science Research","0049-089X","0049-089X",NA,"0049-089X","http://creativecommons.org/licenses/by-nc/4.0/",TRUE,"38763538",NA,NA,NA,FALSE
"",,,"","","","","","","","","","","","","","",""
"Frankfurt U",2024,2378.22,"10.1017/fas.2024.11",FALSE,"Cambridge University Press (CUP)","Finance and Society","2059-5999",NA,"2059-5999","2059-5999","https://creativecommons.org/licenses/by-nc-nd/4.0/",TRUE,NA,NA,NA,NA,TRUE
"Frankfurt U",2023,2904.84,"10.1017/gov.2023.43",TRUE,"Cambridge University Press (CUP)","Government and Opposition","0017-257X","0017-257X","1477-7053","0017-257X","http://creativecommons.org/licenses/by/4.0/",TRUE,NA,NA,NA,NA,FALSE
"Frankfurt U",2023,4208.14,"10.1021/acs.accounts.3c00402",TRUE,"American Chemical Society (ACS)","Accounts of Chemical Research","0001-4842","0001-4842","1520-4898","0001-4842","https://creativecommons.org/licenses/by-nc-nd/4.0/",TRUE,"37944919","PMC10666278",NA,NA,FALSE
"Frankfurt U",2023,4182.7,"10.1021/acs.analchem.3c03368",TRUE,"American Chemical Society (ACS)","Analytical Chemistry","0003-2700","0003-2700","1520-6882","0003-2700","https://creativecommons.org/licenses/by-nc-nd/4.0/",TRUE,"37989265","PMC10701707",NA,NA,FALSE
"",,,"","","","","","","","","","","","","","",""
"Frankfurt U",2024,4163.17,"10.1021/acs.jpcb.4c02065",TRUE,"American Chemical Society (ACS)","The Journal of Physical Chemistry B","1520-6106","1520-6106","1520-5207","1520-5207","https://creativecommons.org/licenses/by-nc-nd/4.0/",TRUE,"38955346","PMC11264260",NA,NA,FALSE
"",,,"","","","","","","","","","","","","","",""
"Frankfurt U",2023,4190.55,"10.1021/acschembio.2c00877",TRUE,"American Chemical Society (ACS)","ACS Chemical Biology","1554-8929","1554-8929","1554-8937","1554-8929","https://creativecommons.org/licenses/by-nc-nd/4.0/",TRUE,"36944371","PMC10127199",NA,NA,FALSE
"Frankfurt U",2024,2458.68,"10.1021/acsnano.3c08731",TRUE,"American Chemical Society (ACS)","ACS Nano","1936-0851","1936-0851","1936-086X","1936-0851","https://creativecommons.org/licenses/by/4.0/",TRUE,"38301137","PMC10868588",NA,NA,FALSE
"Frankfurt U",2023,1836.9,"10.1021/acsomega.3c04681",FALSE,"American Chemical Society (ACS)","ACS Omega","2470-1343","2470-1343","2470-1343","2470-1343","https://creativecommons.org/licenses/by/4.0/",TRUE,"37720784","PMC10500644",NA,NA,TRUE
"Frankfurt U",2023,4165.69,"10.1021/jacs.3c03536",TRUE,"American Chemical Society (ACS)","Journal of the American Chemical Society","0002-7863","0002-7863","1520-5126","0002-7863","https://creativecommons.org/licenses/by-nc-nd/4.0/",TRUE,"37364887",NA,NA,NA,FALSE
"Frankfurt U",2024,3985.8,"10.1021/jacs.4c08406",TRUE,"American Chemical Society (ACS)","Journal of the American Chemical Society","0002-7863","0002-7863","1520-5126","0002-7863","https://creativecommons.org/licenses/by-nc-nd/4.0/",TRUE,"39442924","PMC11544613",NA,NA,FALSE
NA,,NA,NA,NA,NA,NA,NA,NA,NA,NA,NA,FALSE,NA,NA,NA,NA,NA
"Frankfurt U",2024,1971.69,"10.1021/jasms.4c00343",TRUE,"American Chemical Society (ACS)","Journal of The American Society for Mass Spectrometry","1044-0305","1044-0305","1879-1123","1044-0305","https://creativecommons.org/licenses/by-nc-nd/4.0/",TRUE,"39689900",NA,NA,NA,FALSE
"Frankfurt U",2024,1689.86,"10.1037/amp0001315",TRUE,"American Psychological Association (APA)","American Psychologist","1935-990X","0003-066X","1935-990X","0003-066X","https://creativecommons.org/licenses/by-nc-nd/4.0",TRUE,"39531708",NA,NA,NA,FALSE
"Frankfurt U",2024,3297,"10.1037/amp0001423",TRUE,"American Psychological Association (APA)","American Psychologist","1935-990X","0003-066X","1935-990X","0003-066X","https://creativecommons.org/licenses/by-nc-nd/4.0",TRUE,"39509222",NA,NA,NA,FALSE
"Frankfurt U",2023,3000,"10.1037/xge0001367",TRUE,"American Psychological Association (APA)","Journal of Experimental Psychology: General","1939-2222","0096-3445","1939-2222","0096-3445","http://www.apa.org/pubs/journals/resources/open-access.aspx",TRUE,"36996155",NA,NA,NA,FALSE
"Frankfurt U",2024,1500,"10.1038/s41467-024-45392-y",FALSE,"Springer Nature","Nature Communications","2041-1723",NA,"2041-1723","2041-1723","https://creativecommons.org/licenses/by/4.0",TRUE,"38355694","PMC10866876",NA,NA,TRUE
"Frankfurt U",2023,11602.5,"10.1038/s41586-023-06089-2",TRUE,"Springer Nature","Nature","0028-0836","0028-0836","1476-4687","0028-0836","https://creativecommons.org/licenses/by/4.0",TRUE,"37225996","PMC10247366",NA,NA,FALSE
"Frankfurt U",2023,11602.5,"10.1038/s41586-023-06142-0",TRUE,"Springer Nature","Nature","0028-0836","0028-0836","1476-4687","0028-0836","https://creativecommons.org/licenses/by/4.0",TRUE,"37286597","PMC10284689",NA,NA,FALSE
"Frankfurt U",2024,12246.1,"10.1038/s41586-024-08192-4",TRUE,"Springer Nature","Nature","0028-0836","0028-0836","1476-4687","0028-0836","https://creativecommons.org/licenses/by/4.0",TRUE,"39633195","PMC11618076",NA,NA,FALSE
"Frankfurt U",2023,11602.5,"10.1038/s41594-023-00922-y",TRUE,"Springer Nature","Nature Structural & Molecular Biology","1545-9993","1545-9993","1545-9985","1545-9985","https://creativecommons.org/licenses/by/4.0",TRUE,"36782049","PMC10023570",NA,NA,FALSE
"Frankfurt U",2023,1368.5,"10.1038/s41598-023-50398-5",FALSE,"Springer Nature","Scientific Reports","2045-2322",NA,"2045-2322","2045-2322","https://creativecommons.org/licenses/by/4.0",TRUE,"38155211","PMC10754928",NA,NA,TRUE
"Frankfurt U",2024,11602.5,"10.1038/s44161-023-00322-x",TRUE,"Springer Nature","Nature Cardiovascular Research","2731-0590",NA,"2731-0590","2731-0590","https://creativecommons.org/licenses/by/4.0",TRUE,"39196061","PMC11357996",NA,NA,FALSE
"Frankfurt U",2023,2166.18,"10.1039/d2cb00243d",FALSE,"Royal Society of Chemistry (RSC)","RSC Chemical Biology","2633-0679",NA,"2633-0679","2633-0679","http://creativecommons.org/licenses/by-nc/3.0/",TRUE,"37181633","PMC10170653",NA,NA,TRUE
"Frankfurt U",2023,2953.33,"10.1039/d3md00322a",TRUE,"Royal Society of Chemistry (RSC)","RSC Medicinal Chemistry","2632-8682",NA,"2632-8682","2632-8682","http://creativecommons.org/licenses/by/3.0/",TRUE,"38283228","PMC10809358",NA,NA,FALSE
"Frankfurt U",2023,3174.5,"10.1055/a-2055-1592",FALSE,"Georg Thieme Verlag KG","Handchirurgie · Mikrochirurgie · Plastische Chirurgie","0722-1819","0722-1819","1439-3980","0722-1819","https://creativecommons.org/licenses/by-nc-nd/4.0/",TRUE,"37429329","PMC10513775",NA,NA,FALSE
"Frankfurt U",2023,3378.16,"10.1055/a-2117-8197",FALSE,"Georg Thieme Verlag KG","Endoscopy International Open","2364-3722","2364-3722","2196-9736","2196-9736","https://creativecommons.org/licenses/by-nc-nd/4.0/",TRUE,"38205218","PMC10781580",NA,NA,TRUE
"Frankfurt U",2024,3629.5,"10.1055/a-2407-9651",TRUE,"Georg Thieme Verlag KG","Ultraschall in der Medizin - European Journal of Ultrasound","0172-4614","0172-4614","1438-8782","0172-4614","https://creativecommons.org/licenses/by-nc-nd/4.0/",TRUE,"39222928","PMC11964603",NA,NA,FALSE
"Frankfurt U",2023,3043.2,"10.1063/5.0127264",FALSE,"AIP Publishing","APL Photonics","2378-0967",NA,"2378-0967","2378-0967","https://creativecommons.org/licenses/by/4.0/",TRUE,NA,NA,NA,NA,TRUE
"Frankfurt U",2024,3022.25,"10.1063/5.0213695",FALSE,"AIP Publishing","APL Photonics","2378-0967",NA,"2378-0967","2378-0967","https://creativecommons.org/licenses/by/4.0/",TRUE,NA,NA,NA,NA,TRUE
"Frankfurt U",2023,5468.52,"10.1073/pnas.2219790120",TRUE,"Proceedings of the National Academy of Sciences","Proceedings of the National Academy of Sciences","0027-8424","0027-8424","1091-6490","0027-8424","https://creativecommons.org/licenses/by-nc-nd/4.0/",TRUE,"37307450","PMC10288655",NA,NA,FALSE
"Frankfurt U",2024,5900.46,"10.1073/pnas.2321600121",TRUE,"Proceedings of the National Academy of Sciences","Proceedings of the National Academy of Sciences","0027-8424","0027-8424","1091-6490","0027-8424","https://creativecommons.org/licenses/by-nc-nd/4.0/",TRUE,"38771881","PMC11145271",NA,NA,FALSE
"Frankfurt U",2024,3007.26,"10.1073/pnas.2408071121",TRUE,"Proceedings of the National Academy of Sciences","Proceedings of the National Academy of Sciences","0027-8424","0027-8424","1091-6490","0027-8424","https://creativecommons.org/licenses/by-nc-nd/4.0/",TRUE,"39453744","PMC11536123",NA,NA,FALSE
"Frankfurt U",2023,3445.05,"10.1080/00344893.2023.2213698",TRUE,"Informa UK Limited","Representation","0034-4893","0034-4893","1749-4001","0034-4893","http://creativecommons.org/licenses/by-nc-nd/4.0/",TRUE,NA,NA,NA,NA,FALSE
"Frankfurt U",2024,2998.8,"10.1080/01443615.2024.2369664",FALSE,"Informa UK Limited","Journal of Obstetrics and Gynaecology","0144-3615","0144-3615","1364-6893","0144-3615","http://creativecommons.org/licenses/by/4.0/",TRUE,"38917046",NA,NA,NA,TRUE
"Frankfurt U",2023,3445.05,"10.1080/0163853x.2023.2252699",TRUE,"Informa UK Limited","Discourse Processes","0163-853X","0163-853X","1532-6950","0163-853X","http://creativecommons.org/licenses/by-nc-nd/4.0/",TRUE,NA,NA,NA,NA,FALSE
"Frankfurt U",2023,2713.2,"10.1080/02656736.2023.2200582",FALSE,"Informa UK Limited","International Journal of Hyperthermia","0265-6736","0265-6736","1464-5157","0265-6736","http://creativecommons.org/licenses/by/4.0/",TRUE,"37121606",NA,NA,NA,TRUE
"Frankfurt U",2024,3421.25,"10.1080/09537104.2024.2316744",FALSE,"Informa UK Limited","Platelets","0953-7104","0953-7104","1369-1635","0953-7104","http://creativecommons.org/licenses/by/4.0/",TRUE,"38390838",NA,NA,NA,TRUE
"Frankfurt U",2024,5015.85,"10.1080/10408363.2024.2309933",TRUE,"Informa UK Limited","Critical Reviews in Clinical Laboratory Sciences","1040-8363","1040-8363","1549-781X","1040-8363","http://creativecommons.org/licenses/by/4.0/",TRUE,"38344808","PMC11815995",NA,NA,FALSE
"Frankfurt U",2024,1053.15,"10.1080/12298093.2024.2333611",FALSE,"Informa UK Limited","Mycobiology","1229-8093","1229-8093","2092-9323","1229-8093","http://creativecommons.org/licenses/by-nc/4.0/",TRUE,"38690034","PMC11057556",NA,NA,TRUE
"Frankfurt U",2023,3445.05,"10.1080/13698249.2023.2254654",TRUE,"Informa UK Limited","Civil Wars","1369-8249","1369-8249","1743-968X","1369-8249","http://creativecommons.org/licenses/by/4.0/",TRUE,NA,NA,NA,NA,FALSE
"",,,"","","","","","","","","","","","","","",""
"Frankfurt U",2023,3445.05,"10.1080/15476286.2023.2298532",FALSE,"Informa UK Limited","RNA Biology","1547-6286","1547-6286","1555-8584","1547-6286","http://creativecommons.org/licenses/by/4.0/",TRUE,"38156797","PMC10761087",NA,NA,TRUE
"Frankfurt U",2024,3772.3,"10.1080/15476286.2024.2395718",FALSE,"Informa UK Limited","RNA Biology","1547-6286","1547-6286","1555-8584","1547-6286","http://creativecommons.org/licenses/by-nc/4.0/",TRUE,"39257052","PMC11404584",NA,NA,TRUE
"Frankfurt U",2023,4480.35,"10.1080/15548627.2023.2230839",TRUE,"Informa UK Limited","Autophagy","1554-8627","1554-8627","1554-8635","1554-8627","http://creativecommons.org/licenses/by-nc-nd/4.0/",TRUE,"37439113","PMC10549194",NA,NA,FALSE
"",,,"","","","","","","","","","","","","","",""
"Frankfurt U",2023,2017.05,"10.1080/20008066.2023.2257434",FALSE,"Informa UK Limited","European Journal of Psychotraumatology","2000-8066",NA,"2000-8066","2000-8066","http://creativecommons.org/licenses/by-nc/4.0/",TRUE,"37753639","PMC10538459",NA,NA,TRUE
"Frankfurt U",2024,1898.05,"10.1080/20008066.2023.2260293",FALSE,"Informa UK Limited","European Journal of Psychotraumatology","2000-8066",NA,"2000-8066","2000-8066","http://creativecommons.org/licenses/by-nc/4.0/",TRUE,"37860858","PMC10591525",NA,NA,TRUE
"Frankfurt U",2024,2017.05,"10.1080/20008066.2024.2308439",FALSE,"Informa UK Limited","European Journal of Psychotraumatology","2000-8066",NA,"2000-8066","2000-8066","http://creativecommons.org/licenses/by-nc/4.0/",TRUE,"38323870","PMC10851818",NA,NA,TRUE
"Frankfurt U",2024,3445.05,"10.1080/2162402x.2023.2296712",FALSE,"Informa UK Limited","OncoImmunology","2162-402X",NA,"2162-402X","2162-4011","http://creativecommons.org/licenses/by-nc/4.0/",TRUE,"38170159","PMC10761041",NA,NA,TRUE
"Frankfurt U",2023,3224.9,"10.1080/22221751.2023.2210696",FALSE,"Informa UK Limited","Emerging Microbes & Infections","2222-1751",NA,"2222-1751","2222-1751","http://creativecommons.org/licenses/by-nc/4.0/",TRUE,"37143355","PMC10187091",NA,NA,TRUE
"Frankfurt U",2023,3772.3,"10.1080/22221751.2023.2256424",FALSE,"Informa UK Limited","Emerging Microbes & Infections","2222-1751",NA,"2222-1751","2222-1751","http://creativecommons.org/licenses/by/4.0/",TRUE,"37671854","PMC10501173",NA,NA,TRUE
"Frankfurt U",2024,1921.85,"10.1080/2331186x.2024.2355006",FALSE,"Informa UK Limited","Cogent Education","2331-186X",NA,"2331-186X","2331-186X","http://creativecommons.org/licenses/by/4.0/",TRUE,NA,NA,NA,NA,TRUE
"Frankfurt U",2023,1408.09,"10.1080/26395916.2023.2253317",FALSE,"Informa UK Limited","Ecosystems and People","2639-5908","2639-5908","2639-5916","2639-5908","http://creativecommons.org/licenses/by-nc/4.0/",TRUE,NA,NA,NA,NA,TRUE
"Frankfurt U",2023,5709.73,"10.1083/jcb.202304030",TRUE,"Rockefeller University Press","The Journal of Cell Biology","0021-9525","0021-9525","1540-8140","0021-9525","https://creativecommons.org/licenses/by/4.0/",TRUE,"38108808","PMC10726014",NA,NA,FALSE
"Frankfurt U",2024,1219.61,"10.1088/1402-4896/ad6aea",TRUE,"IOP Publishing","Physica Scripta","0031-8949","0031-8949","1402-4896","0031-8949","http://creativecommons.org/licenses/by/4.0/",TRUE,NA,NA,NA,NA,FALSE
"",,,"","","","","","","","","","","","","","",""
"Frankfurt U",2024,2194.76,"10.1089/neur.2023.0098",FALSE,"Mary Ann Liebert Inc","Neurotrauma Reports","2689-288X",NA,"2689-288X","2689-288X","https://www.liebertpub.com/nv/resources-tools/text-and-data-mining-policy/121/",TRUE,"38463418","PMC10924060",NA,NA,TRUE
"Frankfurt U",2024,1445.04,"10.1093/aobpla/plae061",FALSE,"Oxford University Press (OUP)","AoB Plants","2041-2851",NA,"2041-2851","2041-2851","https://creativecommons.org/licenses/by/4.0/",TRUE,"39850953","PMC11752646",NA,NA,TRUE
"Frankfurt U",2024,4203.1,"10.1093/bib/bbae640",FALSE,"Oxford University Press (OUP)","Briefings in Bioinformatics","1467-5463","1467-5463","1477-4054","1467-5463","https://creativecommons.org/licenses/by/4.0/",TRUE,"39658207","PMC11631343",NA,NA,TRUE
"Frankfurt U",2024,2887.69,"10.1093/bioadv/vbae084",FALSE,"Oxford University Press (OUP)","Bioinformatics Advances","2635-0041",NA,"2635-0041","2635-0041","https://creativecommons.org/licenses/by/4.0/",TRUE,"38948010",NA,NA,NA,TRUE
"Frankfurt U",2023,3773.49,"10.1093/bioinformatics/btad062",FALSE,"Oxford University Press (OUP)","Bioinformatics","1367-4811",NA,"1367-4811","1367-4803","https://creativecommons.org/licenses/by/4.0/",TRUE,"36708003","PMC9931646",NA,NA,TRUE
"Frankfurt U",2023,3731.84,"10.1093/bioinformatics/btad226",FALSE,"Oxford University Press (OUP)","Bioinformatics","1367-4811",NA,"1367-4811","1367-4803","https://creativecommons.org/licenses/by/4.0/",TRUE,"37084276","PMC10185405",NA,NA,TRUE
"Frankfurt U",2024,3524.39,"10.1093/bioinformatics/btae112",FALSE,"Oxford University Press (OUP)","Bioinformatics","1367-4803","1367-4803","1367-4811","1367-4803","https://creativecommons.org/licenses/by/4.0/",TRUE,"38449296",NA,NA,NA,TRUE
"Frankfurt U",2023,2118.2,"10.1093/ckj/sfad135",FALSE,"Oxford University Press (OUP)","Clinical Kidney Journal","2048-8505","2048-8505","2048-8513","2048-8505","https://creativecommons.org/licenses/by-nc/4.0/",TRUE,"37915921","PMC10616504",NA,NA,TRUE
"Frankfurt U",2024,4676.7,"10.1093/esr/jcae030",TRUE,"Oxford University Press (OUP)","European Sociological Review","0266-7215","0266-7215","1468-2672","0266-7215","https://creativecommons.org/licenses/by-nc/4.0/",TRUE,NA,NA,NA,NA,FALSE
"Frankfurt U",2023,5043.22,"10.1093/eurheartj/ehad093",TRUE,"Oxford University Press (OUP)","European Heart Journal","0195-668X","0195-668X","1522-9645","0195-668X","https://creativecommons.org/licenses/by-nc/4.0/",TRUE,"36932691","PMC10232276",NA,NA,FALSE
"Frankfurt U",2024,2947.58,"10.1093/gbe/evae219",FALSE,"Oxford University Press (OUP)","Genome Biology and Evolution","1759-6653",NA,"1759-6653","1759-6653","https://creativecommons.org/licenses/by/4.0/",TRUE,"39475309","PMC11523091",NA,NA,TRUE
"Frankfurt U",2024,2365.15,"10.1093/gbe/evae224",FALSE,"Oxford University Press (OUP)","Genome Biology and Evolution","1759-6653",NA,"1759-6653","1759-6653","https://creativecommons.org/licenses/by/4.0/",TRUE,"39404012","PMC11523110",NA,NA,TRUE
"Frankfurt U",2024,2673.7,"10.1093/gigascience/giae011",FALSE,"Oxford University Press (OUP)","GigaScience","2047-217X",NA,"2047-217X","2047-217X","https://creativecommons.org/licenses/by/4.0/",TRUE,"38573186","PMC10993718",NA,NA,TRUE
"Frankfurt U",2024,2917.68,"10.1093/gji/ggae328",FALSE,"Oxford University Press (OUP)","Geophysical Journal International","0956-540X","0956-540X","1365-246X","0956-540X","https://creativecommons.org/licenses/by/4.0/",TRUE,NA,NA,NA,NA,TRUE
"Frankfurt U",2024,1805.38,"10.1093/isagsq/ksae010",FALSE,"Oxford University Press (OUP)","Global Studies Quarterly","2634-3797",NA,"2634-3797","2634-3797","https://creativecommons.org/licenses/by/4.0/",TRUE,NA,NA,NA,NA,TRUE
"Frankfurt U",2023,2750.69,"10.1093/isr/viad034",TRUE,"Oxford University Press (OUP)","International Studies Review","1521-9488","1521-9488","1468-2486","1468-2486","https://creativecommons.org/licenses/by/4.0/",TRUE,NA,NA,NA,NA,FALSE
"Frankfurt U",2024,2371.8,"10.1093/jbmrpl/ziae157",FALSE,"Oxford University Press (OUP)","JBMR Plus","2473-4039",NA,"2473-4039","2473-4039","https://creativecommons.org/licenses/by-nc/4.0/",TRUE,"39677923","PMC11646308",NA,NA,TRUE
"Frankfurt U",2023,4539.85,"10.1093/jeea/jvad034",TRUE,"Oxford University Press (OUP)","Journal of the European Economic Association","1542-4766","1542-4766","1542-4774","1542-4766","https://creativecommons.org/licenses/by-nc/4.0/",TRUE,NA,NA,NA,NA,FALSE
"Frankfurt U",2023,1261.05,"10.1093/jhered/esad074",TRUE,"Oxford University Press (OUP)","Journal of Heredity","0022-1503","0022-1503","1465-7333","0022-1503","https://creativecommons.org/licenses/by/4.0/",TRUE,"37988623","PMC10838129",NA,NA,FALSE
"Frankfurt U",2024,3250.85,"10.1093/mnras/stae1527",FALSE,"Oxford University Press (OUP)","Monthly Notices of the Royal Astronomical Society","0035-8711","0035-8711","1365-2966","0035-8711","https://creativecommons.org/licenses/by/4.0/",TRUE,NA,NA,NA,NA,TRUE
"Frankfurt U",2024,2386.31,"10.1093/molbev/msae165",FALSE,"Oxford University Press (OUP)","Molecular Biology and Evolution","0737-4038","0737-4038","1537-1719","0737-4038","https://creativecommons.org/licenses/by/4.0/",TRUE,"39116340","PMC11371419",NA,NA,TRUE
"Frankfurt U",2023,4025.77,"10.1093/nar/gkad418",FALSE,"Oxford University Press (OUP)","Nucleic Acids Research","0305-1048","0305-1048","1362-4962","0305-1048","https://creativecommons.org/licenses/by/4.0/",TRUE,"37224528","PMC10325900",NA,NA,TRUE
"Frankfurt U",2023,4025.77,"10.1093/nar/gkad467",FALSE,"Oxford University Press (OUP)","Nucleic Acids Research","0305-1048","0305-1048","1362-4962","0305-1048","https://creativecommons.org/licenses/by/4.0/",TRUE,"37260093","PMC10359484",NA,NA,TRUE
"Frankfurt U",2023,4025.77,"10.1093/nar/gkad574",FALSE,"Oxford University Press (OUP)","Nucleic Acids Research","0305-1048","0305-1048","1362-4962","0305-1048","https://creativecommons.org/licenses/by-nc/4.0/",TRUE,"37409574","PMC10450168",NA,NA,TRUE
"Frankfurt U",2023,3938.7,"10.1093/nar/gkad693",FALSE,"Oxford University Press (OUP)","Nucleic Acids Research","0305-1048","0305-1048","1362-4962","0305-1048","https://creativecommons.org/licenses/by-nc/4.0/",TRUE,"37650641","PMC10570048",NA,NA,TRUE
"Frankfurt U",2023,4032,"10.1093/nar/gkad762",FALSE,"Oxford University Press (OUP)","Nucleic Acids Research","0305-1048","0305-1048","1362-4962","0305-1048","https://creativecommons.org/licenses/by-nc/4.0/",TRUE,"37791874","PMC10639051",NA,NA,TRUE
"Frankfurt U",2024,4242.97,"10.1093/nar/gkae349",FALSE,"Oxford University Press (OUP)","Nucleic Acids Research","0305-1048","0305-1048","1362-4962","0305-1048","https://creativecommons.org/licenses/by-nc/4.0/",TRUE,"38783391","PMC11194097",NA,NA,TRUE
"Frankfurt U",2024,4173.73,"10.1093/nar/gkae416",FALSE,"Oxford University Press (OUP)","Nucleic Acids Research","0305-1048","0305-1048","1362-4962","0305-1048","https://creativecommons.org/licenses/by-nc/4.0/",TRUE,"38783381","PMC11317165",NA,NA,TRUE
"Frankfurt U",2024,3978.02,"10.1093/nar/gkae477",FALSE,"Oxford University Press (OUP)","Nucleic Acids Research","0305-1048","0305-1048","1362-4962","0305-1048","https://creativecommons.org/licenses/by/4.0/",TRUE,"38842942","PMC11260494",NA,NA,TRUE
"Frankfurt U",2024,4138.45,"10.1093/nar/gkae730",FALSE,"Oxford University Press (OUP)","Nucleic Acids Research","0305-1048","0305-1048","1362-4962","0305-1048","https://creativecommons.org/licenses/by/4.0/",TRUE,"39180404","PMC11514476",NA,NA,TRUE
"Frankfurt U",2024,4171.09,"10.1093/nar/gkae864",FALSE,"Oxford University Press (OUP)","Nucleic Acids Research","0305-1048","0305-1048","1362-4962","0305-1048","https://creativecommons.org/licenses/by-nc/4.0/",TRUE,"39377397","PMC11551771",NA,NA,TRUE
"Frankfurt U",2024,4221.7,"10.1093/nar/gkae555",FALSE,"Oxford University Press (OUP)","Nucleic Acids Research","0305-1048","0305-1048","1362-4962","0305-1048","https://creativecommons.org/licenses/by-nc/4.0/",TRUE,"38953172","PMC11381341",NA,NA,TRUE
"Frankfurt U",2023,5117,"10.1093/neuonc/noad087",TRUE,"Oxford University Press (OUP)","Neuro-Oncology","1522-8517","1522-8517","1523-5866","1522-8517","https://creativecommons.org/licenses/by-nc/4.0/",TRUE,"37148198","PMC10628939",NA,NA,FALSE
"Frankfurt U",2024,2653.89,"10.1093/noajnl/vdad131",FALSE,"Oxford University Press (OUP)","Neuro-Oncology Advances","2632-2498",NA,"2632-2498","2632-2498","https://creativecommons.org/licenses/by-nc/4.0/",TRUE,"38024242","PMC10676054",NA,NA,TRUE
"Frankfurt U",2024,2807.92,"10.1093/noajnl/vdae117",FALSE,"Oxford University Press (OUP)","Neuro-Oncology Advances","2632-2498",NA,"2632-2498","2632-2498","https://creativecommons.org/licenses/by-nc/4.0/",TRUE,"39474491","PMC11520745",NA,NA,TRUE
"Frankfurt U",2024,1642.21,"10.1093/noajnl/vdae138",FALSE,"Oxford University Press (OUP)","Neuro-Oncology Advances","2632-2498",NA,"2632-2498","2632-2498","https://creativecommons.org/licenses/by-nc/4.0/",TRUE,"39184173","PMC11344167",NA,NA,TRUE
"Frankfurt U",2023,2380.81,"10.1093/scan/nsad035",FALSE,"Oxford University Press (OUP)","Social Cognitive and Affective Neuroscience","1749-5016","1749-5016","1749-5024","1749-5016","https://creativecommons.org/licenses/by-nc/4.0/",TRUE,"37384576",NA,NA,NA,TRUE
"Frankfurt U",2023,3570.64,"10.1093/ser/mwad055",TRUE,"Oxford University Press (OUP)","Socio-Economic Review","1475-1461","1475-1461","1475-147X","1475-1461","https://creativecommons.org/licenses/by-nc/4.0/",TRUE,NA,NA,NA,NA,FALSE
"Frankfurt U",2024,3578.64,"10.1093/ser/mwad071",TRUE,"Oxford University Press (OUP)","Socio-Economic Review","1475-1461","1475-1461","1475-147X","1475-1461","https://creativecommons.org/licenses/by-nc-nd/4.0/",TRUE,NA,NA,NA,NA,FALSE
"Frankfurt U",2024,3724.33,"10.1093/ser/mwae032",TRUE,"Oxford University Press (OUP)","Socio-Economic Review","1475-1461","1475-1461","1475-147X","1475-1461","https://creativecommons.org/licenses/by-nc/4.0/",TRUE,NA,NA,NA,NA,FALSE
"",,,"","","","","","","","","","","","","","",""
"Frankfurt U",2023,1631.25,"10.1094/phytofr-05-23-0065-a",FALSE,"Scientific Societies","PhytoFrontiers™","2690-5442",NA,"2690-5442","2690-5442",NA,TRUE,NA,NA,NA,NA,TRUE
"Frankfurt U",2024,3892.74,"10.1097/aco.0000000000001337",TRUE,"Ovid Technologies (Wolters Kluwer Health)","Current Opinion in Anaesthesiology","0952-7907","0952-7907","1473-6500","0952-7907","http://creativecommons.org/licenses/by-nc-nd/4.0",TRUE,"38391030","PMC11062610",NA,NA,FALSE
"Frankfurt U",2024,3865.86,"10.1097/aco.0000000000001338",TRUE,"Ovid Technologies (Wolters Kluwer Health)","Current Opinion in Anaesthesiology","0952-7907","0952-7907","1473-6500","0952-7907","http://creativecommons.org/licenses/by-nc-nd/4.0",TRUE,"38390913","PMC11062600",NA,NA,FALSE
"Frankfurt U",2024,1803.2,"10.1097/hc9.0000000000000535",FALSE,"Ovid Technologies (Wolters Kluwer Health)","Hepatology Communications","2471-254X",NA,"2471-254X","2471-254X","http://creativecommons.org/licenses/by-nc-nd/4.0/ http://creativecommons.org/licenses/by-nc-nd/4.0/",TRUE,"39330948","PMC11441853",NA,NA,TRUE
"Frankfurt U",2024,1891.54,"10.1097/sc9.0000000000000020",FALSE,"Ovid Technologies (Wolters Kluwer Health)","Journal of Craniofacial Surgery Open","2832-5877",NA,"2832-5877","2832-5877","http://creativecommons.org/licenses/by/4.0/ http://creativecommons.org/licenses/by/4.0/",TRUE,NA,NA,NA,NA,FALSE
"Frankfurt U",2023,675.94,"10.1097/shk.0000000000002231",TRUE,"Ovid Technologies (Wolters Kluwer Health)","Shock","1073-2322","1073-2322",NA,"1073-2322",NA,TRUE,"37878473",NA,NA,NA,FALSE
"",,,"","","","","","","","","","","","","","",""
"Frankfurt U",2023,2046.36,"10.1098/rsob.230031",FALSE,"The Royal Society","Open Biology","2046-2441",NA,"2046-2441","2046-2441","https://royalsociety.org/journals/ethics-policies/data-sharing-mining/",TRUE,"37253421","PMC10229228",NA,NA,TRUE
"Frankfurt U",2023,1713.6,"10.1098/rsos.221234",FALSE,"The Royal Society","Royal Society Open Science","2054-5703",NA,"2054-5703","2054-5703","https://royalsociety.org/journals/ethics-policies/data-sharing-mining/",TRUE,"36778955","PMC9905983",NA,NA,TRUE
"Frankfurt U",2024,2850.05,"10.1098/rstb.2023.0401",TRUE,"The Royal Society","Philosophical Transactions of the Royal Society B: Biological Sciences","0962-8436","0962-8436","1471-2970","0962-8436","http://creativecommons.org/licenses/by/4.0/",TRUE,"39278241","PMC11449153",NA,NA,FALSE
"Frankfurt U",2024,2888.69,"10.1099/jmm.0.001795",TRUE,"Microbiology Society","Journal of Medical Microbiology","0022-2615","0022-2615","1473-5644","0022-2615","http://creativecommons.org/licenses/by/4.0/",TRUE,"38362908",NA,NA,NA,FALSE
"Frankfurt U",2024,2364.04,"10.1103/physrevphyseducres.20.020130",FALSE,"American Physical Society (APS)","Physical Review Physics Education Research","2469-9896",NA,"2469-9896","2469-9896","https://creativecommons.org/licenses/by/4.0/",TRUE,NA,NA,NA,NA,TRUE
"Frankfurt U",2023,1995.34,"10.1103/physrevresearch.5.013123",FALSE,"American Physical Society (APS)","Physical Review Research","2643-1564",NA,"2643-1564","2643-1564","https://creativecommons.org/licenses/by/4.0/",TRUE,NA,NA,NA,NA,TRUE
"Frankfurt U",2023,2017.13,"10.1103/physrevresearch.5.013187",FALSE,"American Physical Society (APS)","Physical Review Research","2643-1564",NA,"2643-1564","2643-1564","https://creativecommons.org/licenses/by/4.0/",TRUE,NA,NA,NA,NA,TRUE
"Frankfurt U",2023,2160.94,"10.1103/physrevresearch.5.023118",FALSE,"American Physical Society (APS)","Physical Review Research","2643-1564",NA,"2643-1564","2643-1564","https://creativecommons.org/licenses/by/4.0/",TRUE,NA,NA,NA,NA,TRUE
"Frankfurt U",2023,1939.35,"10.1103/physrevresearch.5.033094",FALSE,"American Physical Society (APS)","Physical Review Research","2643-1564",NA,"2643-1564","2643-1564","https://creativecommons.org/licenses/by/4.0/",TRUE,NA,NA,NA,NA,TRUE
"Frankfurt U",2023,2097.53,"10.1103/physrevresearch.5.043141",FALSE,"American Physical Society (APS)","Physical Review Research","2643-1564",NA,"2643-1564","2643-1564","https://creativecommons.org/licenses/by/4.0/",TRUE,NA,NA,NA,NA,TRUE
"Frankfurt U",2023,1995.55,"10.1103/physrevresearch.5.043245",FALSE,"American Physical Society (APS)","Physical Review Research","2643-1564",NA,"2643-1564","2643-1564","https://creativecommons.org/licenses/by/4.0/",TRUE,NA,NA,NA,NA,TRUE
"Frankfurt U",2023,3123.75,"10.1103/physrevresearch.5.l042008",FALSE,"American Physical Society (APS)","Physical Review Research","2643-1564",NA,"2643-1564","2643-1564","https://creativecommons.org/licenses/by/4.0/",TRUE,NA,NA,NA,NA,TRUE
"Frankfurt U",2024,2972.86,"10.1103/physrevresearch.6.013198",FALSE,"American Physical Society (APS)","Physical Review Research","2643-1564",NA,"2643-1564","2643-1564","https://creativecommons.org/licenses/by/4.0/",TRUE,NA,NA,NA,NA,TRUE
"Frankfurt U",2024,3009.83,"10.1103/physrevresearch.6.023003",FALSE,"American Physical Society (APS)","Physical Review Research","2643-1564",NA,"2643-1564","2643-1564","https://creativecommons.org/licenses/by/4.0/",TRUE,NA,NA,NA,NA,TRUE
"Frankfurt U",2024,2984.01,"10.1103/physrevresearch.6.023180",FALSE,"American Physical Society (APS)","Physical Review Research","2643-1564",NA,"2643-1564","2643-1564","https://creativecommons.org/licenses/by/4.0/",TRUE,NA,NA,NA,NA,TRUE
"Frankfurt U",2024,2928.23,"10.1103/physrevresearch.6.043026",FALSE,"American Physical Society (APS)","Physical Review Research","2643-1564",NA,"2643-1564","2643-1564","https://creativecommons.org/licenses/by/4.0/",TRUE,NA,NA,NA,NA,TRUE
"Frankfurt U",2024,2387.04,"10.1103/physrevresearch.6.043103",FALSE,"American Physical Society (APS)","Physical Review Research","2643-1564",NA,"2643-1564","2643-1564","https://creativecommons.org/licenses/by/4.0/",TRUE,NA,NA,NA,NA,TRUE
"Frankfurt U",2024,3039.28,"10.1103/physrevresearch.6.043176",FALSE,"American Physical Society (APS)","Physical Review Research","2643-1564",NA,"2643-1564","2643-1564","https://creativecommons.org/licenses/by/4.0/",TRUE,NA,NA,NA,NA,TRUE
"Frankfurt U",2025,3135.17,"10.1103/physrevresearch.7.l012001",FALSE,"American Physical Society (APS)","Physical Review Research","2643-1564",NA,"2643-1564","2643-1564","https://creativecommons.org/licenses/by/4.0/",TRUE,NA,NA,NA,NA,TRUE
"Frankfurt U",2023,2142,"10.1107/s2052252523004281",FALSE,"International Union of Crystallography (IUCr)","IUCrJ","2052-2525",NA,"2052-2525","2052-2525","https://creativecommons.org/licenses/by/4.0/legalcode",TRUE,"37335768","PMC10324491",NA,NA,TRUE
"Frankfurt U",2023,564.25,"10.1107/s2056989023002190",FALSE,"International Union of Crystallography (IUCr)","Acta Crystallographica Section E Crystallographic Communications","2056-9890",NA,"2056-9890","2056-9890","https://creativecommons.org/licenses/by/4.0/legalcode",TRUE,"37057008","PMC10088314",NA,NA,TRUE
"Frankfurt U",2024,4035.18,"10.1108/imr-03-2024-0094",TRUE,"Emerald","International Marketing Review","0265-1335","0265-1335",NA,"0265-1335","https://www.emerald.com/insight/site-policies",TRUE,NA,NA,NA,NA,FALSE
"Frankfurt U",2023,2100,"10.1109/access.2023.3332254",FALSE,"Institute of Electrical & Electronics Engineers (IEEE)","IEEE Access","2169-3536",NA,"2169-3536","2169-3536","https://creativecommons.org/licenses/by-nc-nd/4.0/",TRUE,NA,NA,NA,NA,TRUE
"Frankfurt U",2024,222.44,"10.1109/jsen.2024.3445140",TRUE,"Institute of Electrical & Electronics Engineers (IEEE)","IEEE Sensors Journal","1530-437X","1530-437X","1558-1748","1530-437X","https://ieeexplore.ieee.org/Xplorehelp/downloads/license-information/IEEE.html",TRUE,NA,NA,NA,NA,FALSE
"Frankfurt U",2024,2581.69,"10.1109/tthz.2024.3349482",TRUE,"Institute of Electrical & Electronics Engineers (IEEE)","IEEE Transactions on Terahertz Science and Technology","2156-342X","2156-342X","2156-3446","2156-342X","https://creativecommons.org/licenses/by/4.0/legalcode",TRUE,NA,NA,NA,NA,FALSE
"Frankfurt U",2024,2823.67,"10.1109/tthz.2024.3388254",TRUE,"Institute of Electrical & Electronics Engineers (IEEE)","IEEE Transactions on Terahertz Science and Technology","2156-342X","2156-342X","2156-3446","2156-342X","https://creativecommons.org/licenses/by/4.0/legalcode",TRUE,NA,NA,NA,NA,FALSE
"Frankfurt U",2023,2003.29,"10.1126/sciadv.abq8227",FALSE,"American Association for the Advancement of Science (AAAS)","Science Advances","2375-2548",NA,"2375-2548","2375-2548",NA,TRUE,"37683006","PMC10491222",NA,NA,TRUE
"Frankfurt U",2023,2432.08,"10.1126/sciadv.adj0384",FALSE,"American Association for the Advancement of Science (AAAS)","Science Advances","2375-2548",NA,"2375-2548","2375-2548","CC BY",TRUE,"38266078","PMC10807816",NA,NA,TRUE
"Frankfurt U",2024,2165.05,"10.1126/sciadv.adn0155",FALSE,"American Association for the Advancement of Science (AAAS)","Science Advances","2375-2548",NA,"2375-2548","2375-2548","CC BY",TRUE,"38809987","PMC11135390",NA,NA,TRUE
"",,,"","","","","","","","","","","","","","",""
"",,,"","","","","","","","","","","","","","",""
"Frankfurt U",2023,2108.36,"10.1128/mbio.02139-23",FALSE,"American Society for Microbiology","mBio","2150-7511",NA,"2150-7511","2150-7511","https://creativecommons.org/licenses/by/4.0/",TRUE,"37768061","PMC10653857",NA,NA,TRUE
"Frankfurt U",2024,1425.55,"10.1128/mra.00397-24",FALSE,"American Society for Microbiology","Microbiology Resource Announcements","2576-098X",NA,"2576-098X","2576-098X","https://creativecommons.org/licenses/by/4.0/",TRUE,"38953338","PMC11320913",NA,NA,FALSE
"Frankfurt U",2023,3621.5,"10.1128/spectrum.05174-22",FALSE,"American Society for Microbiology","Microbiology Spectrum","2165-0497",NA,"2165-0497","2165-0497","https://creativecommons.org/licenses/by/4.0/",TRUE,"37052493","PMC10269660",NA,NA,TRUE
"Frankfurt U",2023,3040.45,"10.1130/g50842.1",TRUE,"Geological Society of America","Geology","0091-7613","0091-7613","1943-2682","0091-7613",NA,TRUE,NA,NA,NA,NA,FALSE
"Frankfurt U",2023,3225.07,"10.1136/bmjopen-2022-069394",FALSE,"BMJ","BMJ Open","2044-6055","2044-6055","2044-6055","2044-6055","http://creativecommons.org/licenses/by-nc/4.0/",TRUE,"37019492","PMC10439343",NA,NA,TRUE
"Frankfurt U",2023,2856,"10.1136/bmjopen-2022-069834",FALSE,"BMJ","BMJ Open","2044-6055","2044-6055","2044-6055","2044-6055","http://creativecommons.org/licenses/by-nc/4.0/",TRUE,"37423629","PMC10335421",NA,NA,TRUE
"Frankfurt U",2024,2917.32,"10.1136/bmjopen-2023-079094",FALSE,"BMJ","BMJ Open","2044-6055","2044-6055","2044-6055","2044-6055","http://creativecommons.org/licenses/by-nc/4.0/",TRUE,"39019642","PMC11256065",NA,NA,TRUE
"Frankfurt U",2024,2503.46,"10.1136/jitc-2023-008641",FALSE,"BMJ","Journal for ImmunoTherapy of Cancer","2051-1426",NA,"2051-1426","2051-1426","https://creativecommons.org/licenses/by/4.0/",TRUE,"39209451","PMC11367332",NA,NA,TRUE
"Frankfurt U",2024,2869.32,"10.1136/openhrt-2023-002540",FALSE,"BMJ","Open Heart","2053-3624",NA,"2053-3624","2053-3624","http://creativecommons.org/licenses/by-nc/4.0/",TRUE,"38388188","PMC10884198",NA,NA,TRUE
"Frankfurt U",2023,4974.44,"10.1152/ajpcell.00101.2023",TRUE,"American Physiological Society","American Journal of Physiology - Cell Physiology","0363-6143","0363-6143","1522-1563","0363-6143",NA,TRUE,"37273239",NA,NA,NA,FALSE
"Frankfurt U",2023,1098.41,"10.1152/ajpcell.00293.2023",TRUE,"American Physiological Society","American Journal of Physiology - Cell Physiology","0363-6143","0363-6143","1522-1563","0363-6143",NA,TRUE,"37899749",NA,NA,NA,FALSE
"",,,"","","","","","","","","","","","","","",""
"Frankfurt U",2024,1066.22,"10.1152/ajpcell.00630.2024",TRUE,"American Physiological Society","American Journal of Physiology - Cell Physiology","0363-6143","0363-6143","1522-1563","0363-6143",NA,TRUE,"39437447",NA,NA,NA,FALSE
"Frankfurt U",2024,1600,"10.1159/000540962",FALSE,"S. Karger AG","Transfusion Medicine and Hemotherapy","1660-3796","1660-3796","1660-3818","1660-3796","https://creativecommons.org/licenses/by-nc/4.0/",TRUE,"39944413","PMC11813277",NA,NA,TRUE
"Frankfurt U",2024,1600,"10.1159/000540964",FALSE,"S. Karger AG","Transfusion Medicine and Hemotherapy","1660-3796","1660-3796","1660-3818","1660-3796","https://creativecommons.org/licenses/by-nc/4.0/",TRUE,"39944412","PMC11813276",NA,NA,TRUE
"Frankfurt U",2024,4379.77,"10.1161/circresaha.123.324183",TRUE,"Ovid Technologies (Wolters Kluwer Health)","Circulation Research","0009-7330","0009-7330","1524-4571","0009-7330","https://creativecommons.org/licenses/by-nc-nd/4.0/",TRUE,"38563133","PMC11081481",NA,NA,FALSE
"Frankfurt U",2024,1728.39,"10.1162/imag_a_00131",FALSE,"MIT Press","Imaging Neuroscience","2837-6056",NA,"2837-6056","2837-6056","https://creativecommons.org/licenses/by/4.0/",TRUE,"40800525","PMC12247556",NA,NA,TRUE
"Frankfurt U",2023,2558.5,"10.1163/27726673-bja00016",TRUE,"Walter de Gruyter GmbH","Research in Integrated STEM Education","2772-6665","2772-6665","2772-6673","2772-6665","https://creativecommons.org/licenses/by/4.0/",TRUE,NA,NA,NA,NA,FALSE
"",,,"","","","","","","","","","","","","","",""
"Frankfurt U",2023,2025.68,"10.1167/jov.23.10.9",FALSE,"Association for Research in Vision and Ophthalmology (ARVO)","Journal of Vision","1534-7362","1534-7362",NA,"1534-7362","http://creativecommons.org/licenses/by/4.0/",TRUE,"37707802","PMC10506680",NA,NA,TRUE
"Frankfurt U",2023,5021.56,"10.1172/jci.insight.162124",FALSE,"American Society for Clinical Investigation","JCI Insight","2379-3708",NA,"2379-3708","2379-3708","http://creativecommons.org/licenses/by/4.0/",TRUE,"36883566","PMC10077484",NA,NA,TRUE
"Frankfurt U",2024,1430.95,"10.1175/jas-d-23-0069.1",TRUE,"American Meteorological Society","Journal of the Atmospheric Sciences","0022-4928","0022-4928","1520-0469","0022-4928","http://www.ametsoc.org/PUBSReuseLicenses",TRUE,NA,NA,NA,NA,FALSE
"",,,"","","","","","","","","","","","","","",""
"Frankfurt U",2024,2216.44,"10.1177/00207152231219489",TRUE,"SAGE Publications","International Journal of Comparative Sociology","0020-7152","0020-7152","1745-2554","0020-7152","https://creativecommons.org/licenses/by-nc/4.0/",TRUE,NA,NA,NA,NA,FALSE
"Frankfurt U",2024,2251.9,"10.1177/00207152241246746",TRUE,"SAGE Publications","International Journal of Comparative Sociology","0020-7152","0020-7152","1745-2554","0020-7152","https://creativecommons.org/licenses/by-nc/4.0/",TRUE,NA,NA,NA,NA,FALSE
"Frankfurt U",2023,1200.95,"10.1177/10760296231152898",FALSE,"SAGE Publications","Clinical and Applied Thrombosis/Hemostasis","1076-0296","1076-0296","1938-2723","1076-0296","https://creativecommons.org/licenses/by-nc/4.0/",TRUE,"37069796","PMC10123917",NA,NA,TRUE
"",,,"","","","","","","","","","","","","","",""
"",,,"","","","","","","","","","","","","","",""
"Frankfurt U",2023,1191.13,"10.1177/20451253231158152",FALSE,"SAGE Publications","Therapeutic Advances in Psychopharmacology","2045-1253","2045-1253","2045-1261","2045-1253","https://creativecommons.org/licenses/by/4.0/",TRUE,"36994117","PMC10041648",NA,NA,TRUE
"",,,"","","","","","","","","","","","","","",""
"Frankfurt U",2024,1392.68,"10.1177/20552076231225168",FALSE,"SAGE Publications","DIGITAL HEALTH","2055-2076","2055-2076","2055-2076","2055-2076","https://creativecommons.org/licenses/by/4.0/",TRUE,"38303970","PMC10832428",NA,NA,TRUE
"Frankfurt U",2023,823.02,"10.1177/20597002231183234",FALSE,"SAGE Publications","Journal of Concussion","2059-7002","2059-7002","2059-7002","2059-7002","https://creativecommons.org/licenses/by-nc/4.0/",TRUE,NA,NA,NA,NA,FALSE
"",,,"","","","","","","","","","","","","","",""
"Frankfurt U",2023,3129.7,"10.1182/bloodadvances.2022008981",FALSE,"American Society of Hematology","Blood Advances","2473-9529","2473-9529","2473-9537","2473-9529",NA,TRUE,"36607834","PMC10242498",NA,NA,TRUE
"Frankfurt U",2024,3260.6,"10.1182/bloodadvances.2023010591",FALSE,"American Society of Hematology","Blood Advances","2473-9529","2473-9529","2473-9537","2473-9529","CC BY-NC-ND",TRUE,"37738088","PMC10827403",NA,NA,TRUE
"Frankfurt U",2024,3260.6,"10.1182/bloodadvances.2023012322",FALSE,"American Society of Hematology","Blood Advances","2473-9529","2473-9529","2473-9537","2473-9529","https://creativecommons.org/licenses/by-nc-nd/4.0/",TRUE,"38588481",NA,NA,NA,TRUE
"Frankfurt U",2024,648.55,"10.1183/23120541.00773-2023",FALSE,"European Respiratory Society (ERS)","ERJ Open Research","2312-0541",NA,"2312-0541","2312-0541","http://creativecommons.org/licenses/by-nc/4.0/",TRUE,"38500796","PMC10945383",NA,NA,TRUE
"Frankfurt U",2023,2745,"10.1186/s12915-023-01656-5",FALSE,"Springer Nature","BMC Biology","1741-7007",NA,"1741-7007","1741-7007","https://creativecommons.org/licenses/by/4.0",TRUE,"37867198","PMC10591384",NA,NA,TRUE
"Frankfurt U",2023,4106.66,"10.1021/jacs.3c03578",TRUE,"American Chemical Society (ACS)","Journal of the American Chemical Society","0002-7863","0002-7863","1520-5126","0002-7863","https://creativecommons.org/licenses/by-nc-nd/4.0/",TRUE,"37479220","PMC10401711",NA,NA,FALSE
"",,,"","","","","","","","","","","","","","",""
"Frankfurt U",2023,3922.35,"10.1212/wnl.0000000000207531",TRUE,"Ovid Technologies (Wolters Kluwer Health)","Neurology","0028-3878","0028-3878","1526-632X","0028-3878","http://creativecommons.org/licenses/by-nc-nd/4.0/",TRUE,"37414567","PMC10501101",NA,NA,FALSE
"Frankfurt U",2024,5259.67,"10.1242/jcs.259775",TRUE,"The Company of Biologists","Journal of Cell Science","0021-9533","0021-9533","1477-9137","0021-9533","http://creativecommons.org/licenses/by/4.0",TRUE,"38752931",NA,NA,NA,FALSE
"Frankfurt U",2024,6043.97,"10.1261/rna.079902.123",TRUE,"Cold Spring Harbor Laboratory Press","RNA","1355-8382","1355-8382","1469-9001","1355-8382","CC BY-NC",TRUE,"38565242","PMC11182009",NA,NA,FALSE
"Frankfurt U",2023,1514.14,"10.12688/f1000research.131999.1",FALSE,"F1000 Research, Ltd.","F1000Research","2046-1402",NA,"2046-1402","2046-1402","http://creativecommons.org/licenses/by/4.0/",TRUE,NA,NA,NA,NA,TRUE
"Frankfurt U",2024,3014.15,"10.1287/mksc.2022.0393",TRUE,"Institute for Operations Research and the Management Sciences (INFORMS)","Marketing Science","0732-2399","0732-2399","1526-548X","0732-2399","CC BY-NC-ND",TRUE,NA,NA,NA,NA,FALSE
"Frankfurt U",2023,1104.88,"10.1302/2633-1462.410.bjo-2023-0105.r1",FALSE,"British Editorial Society of Bone & Joint Surgery","Bone & Joint Open","2633-1462",NA,"2633-1462","2633-1462","https://creativecommons.org/licenses/by-nc-nd/4.0/",TRUE,"37813396","PMC10562078",NA,NA,TRUE
"Frankfurt U",2023,2350.23,"10.1364/oe.487888",FALSE,"Optica Publishing Group","Optics Express","1094-4087",NA,"1094-4087","1094-4087","https://doi.org/10.1364/OA_License_v2#VOR-OA",TRUE,"38041376",NA,NA,NA,TRUE
"Frankfurt U",2023,2469.19,"10.1364/oe.495246",FALSE,"Optica Publishing Group","Optics Express","1094-4087",NA,"1094-4087","1094-4087","https://doi.org/10.1364/OA_License_v2#VOR-OA",TRUE,"37475308",NA,NA,NA,TRUE
"Frankfurt U",2023,2019.8,"10.1364/oe.500646",FALSE,"Optica Publishing Group","Optics Express","1094-4087",NA,"1094-4087","1094-4087","https://doi.org/10.1364/OA_License_v2#VOR-OA",TRUE,"38041279",NA,NA,NA,TRUE
"",,,"","","","","","","","","","","","","","",""
"Frankfurt U",2024,549.51,"10.1371/journal.pone.0304141",FALSE,"Public Library of Science (PLoS)","PLOS ONE","1932-6203",NA,"1932-6203","1932-6203","http://creativecommons.org/licenses/by/4.0/",TRUE,"38843250","PMC11156341",NA,NA,TRUE
"Frankfurt U",2024,4073.18,"10.14309/ajg.0000000000003093",TRUE,"Ovid Technologies (Wolters Kluwer Health)","The American Journal of Gastroenterology","0002-9270","0002-9270","1572-0241","0002-9270","http://creativecommons.org/licenses/by-nc-nd/4.0/",TRUE,"39311431","PMC12043260",NA,NA,FALSE
"Frankfurt U",2023,200,"10.14411/eje.2023.005",FALSE,"Biology Centre, AS CR","European Journal of Entomology","1210-5759","1210-5759","1802-8829","1210-5759","https://creativecommons.org/licenses/by/4.0/",TRUE,NA,NA,NA,NA,TRUE
"Frankfurt U",2024,2300,"10.1515/anab-2024-0005",TRUE,"Walter de Gruyter GmbH","Antike und Abendland","1613-0421","0003-5696","1613-0421","0003-5696","http://creativecommons.org/licenses/by/4.0",TRUE,NA,NA,NA,NA,FALSE
"Frankfurt U",2024,2300,"10.1515/anab-2024-0009",TRUE,"Walter de Gruyter GmbH","Antike und Abendland","1613-0421","0003-5696","1613-0421","0003-5696","http://creativecommons.org/licenses/by/4.0",TRUE,NA,NA,NA,NA,FALSE
"Frankfurt U",2023,2000,"10.1515/anger-2023-0009",TRUE,"Walter de Gruyter GmbH","Angermion","1868-9426","1438-2091","1868-9426","1438-2091","CC BY",TRUE,NA,NA,NA,NA,FALSE
"Frankfurt U",2023,2000,"10.1515/arcadia-2023-2003",TRUE,"Walter de Gruyter GmbH","arcadia","1613-0642","0003-7982","1613-0642","0003-7982","http://creativecommons.org/licenses/by/4.0",TRUE,NA,NA,NA,NA,FALSE
"Frankfurt U",2024,2300,"10.1515/arege-2024-0007",TRUE,"Walter de Gruyter GmbH","Archiv für Religionsgeschichte","1436-3038","1436-3038","1868-8888","1436-3038","http://creativecommons.org/licenses/by/4.0",TRUE,NA,NA,NA,NA,FALSE
"Frankfurt U",2024,2000,"10.1515/erj-2023-0186",TRUE,"Walter de Gruyter GmbH","Entrepreneurship Research Journal","2157-5665",NA,"2157-5665","2157-5665","http://creativecommons.org/licenses/by/4.0",TRUE,NA,NA,NA,NA,FALSE
"Frankfurt U",2023,2000,"10.1515/ev-2023-0015",TRUE,"Walter de Gruyter GmbH","The Economists’ Voice","1553-3832",NA,"1553-3832","1553-3832","http://creativecommons.org/licenses/by/4.0",TRUE,NA,NA,NA,NA,FALSE
"Frankfurt U",2024,2300,"10.1515/flin-2024-2044",TRUE,"Walter de Gruyter GmbH","Folia Linguistica","0165-4004","0165-4004","1614-7308","0165-4004","http://creativecommons.org/licenses/by/4.0",TRUE,NA,NA,NA,NA,FALSE
"Frankfurt U",2023,2380,"10.1515/ger-2022-0042",TRUE,"Walter de Gruyter GmbH","German Economic Review","1465-6485","1465-6485","1468-0475","1465-6485","http://creativecommons.org/licenses/by/4.0",TRUE,"36916964","PMC10005892",NA,NA,FALSE
"Frankfurt U",2024,2000,"10.1515/iber-2024-2011",TRUE,"Walter de Gruyter GmbH","Iberoromania","1865-9039","0019-0993","1865-9039","0019-0993","http://creativecommons.org/licenses/by/4.0",TRUE,NA,NA,NA,NA,FALSE
"Frankfurt U",2024,2300,"10.1515/ijpt-2024-0045",TRUE,"Walter de Gruyter GmbH","International Journal of Practical Theology","1612-9768","1430-6921","1612-9768","1430-6921","http://creativecommons.org/licenses/by/4.0",TRUE,NA,NA,NA,NA,FALSE
"Frankfurt U",2023,2000,"10.1515/jcde-2023-0030",TRUE,"Walter de Gruyter GmbH","Journal of Contemporary Drama in English","2195-0164","2195-0156","2195-0164","2195-0156","http://creativecommons.org/licenses/by/4.0",TRUE,NA,NA,NA,NA,FALSE
"Frankfurt U",2024,2300,"10.1515/jcde-2024-2009",TRUE,"Walter de Gruyter GmbH","Journal of Contemporary Drama in English","2195-0164","2195-0156","2195-0164","2195-0156","http://creativecommons.org/licenses/by/4.0",TRUE,NA,NA,NA,NA,FALSE
"Frankfurt U",2023,2000,"10.1515/jemc-2022-2031",TRUE,"Walter de Gruyter GmbH","Journal of Early Modern Christianity","2196-6648","2196-6648","2196-6656","2196-6656","http://creativecommons.org/licenses/by/4.0",TRUE,NA,NA,NA,NA,FALSE
"Frankfurt U",2023,2000,"10.1515/jemc-2023-2037",TRUE,"Walter de Gruyter GmbH","Journal of Early Modern Christianity","2196-6648","2196-6648","2196-6656","2196-6656","http://creativecommons.org/licenses/by/4.0",TRUE,NA,NA,NA,NA,FALSE
"Frankfurt U",2023,2000,"10.1515/mill-2023-0012",TRUE,"Walter de Gruyter GmbH","Millennium","1867-030X","1867-030X","1867-0318","1867-030X","http://creativecommons.org/licenses/by/4.0",TRUE,NA,NA,NA,NA,FALSE
"Frankfurt U",2024,2300,"10.1515/mill-2024-0004",TRUE,"Walter de Gruyter GmbH","Millennium","1867-030X","1867-030X","1867-0318","1867-030X","http://creativecommons.org/licenses/by/4.0",TRUE,NA,NA,NA,NA,FALSE
"Frankfurt U",2024,2300,"10.1515/mill-2024-0008",TRUE,"Walter de Gruyter GmbH","Millennium","1867-030X","1867-030X","1867-0318","1867-030X","http://creativecommons.org/licenses/by/4.0",TRUE,NA,NA,NA,NA,FALSE
"Frankfurt U",2024,1132.88,"10.1515/mim-2024-0008",FALSE,"Walter de Gruyter GmbH","Methods in Microscopy","2942-3899",NA,"2942-3899","2942-3899","http://creativecommons.org/licenses/by/4.0",TRUE,NA,NA,NA,NA,FALSE
"Frankfurt U",2023,2000,"10.1515/mopp-2022-0044",TRUE,"Walter de Gruyter GmbH","Moral Philosophy and Politics","2194-5616","2194-5616","2194-5624","2194-5624","http://creativecommons.org/licenses/by/4.0",TRUE,NA,NA,NA,NA,FALSE
"Frankfurt U",2024,2000,"10.1515/mp-2023-0031",TRUE,"Walter de Gruyter GmbH","Metaphysica","1437-2053","1437-2053","1874-6373","1437-2053","http://creativecommons.org/licenses/by/4.0",TRUE,NA,NA,NA,NA,FALSE
"Frankfurt U",2024,2300,"10.1515/naha-2023-0014",TRUE,"Walter de Gruyter GmbH","Naharaim","1862-9148","1862-9148","1862-9156","1862-9148","http://creativecommons.org/licenses/by/4.0",TRUE,NA,NA,NA,NA,FALSE
"Frankfurt U",2024,2300,"10.1515/naha-2024-0025",TRUE,"Walter de Gruyter GmbH","Naharaim","1862-9148","1862-9148","1862-9156","1862-9148","http://creativecommons.org/licenses/by/4.0",TRUE,NA,NA,NA,NA,FALSE
"Frankfurt U",2024,2380,"10.1515/nanoph-2023-0899",FALSE,"Walter de Gruyter GmbH","Nanophotonics","2192-8614",NA,"2192-8614","2192-8614","http://creativecommons.org/licenses/by/4.0",TRUE,"38836105","PMC11147495",NA,NA,TRUE
"Frankfurt U",2024,2300,"10.1515/nzsth-2024-0008",TRUE,"Walter de Gruyter GmbH","Neue Zeitschrift für Systematische Theologie und Religionsphilosophie","1612-9520","0028-3517","1612-9520","0028-3517","http://creativecommons.org/licenses/by/4.0",TRUE,NA,NA,NA,NA,FALSE
"Frankfurt U",2024,2000,"10.1515/probus-2024-2006",TRUE,"Walter de Gruyter GmbH","Probus","0921-4771","0921-4771","1613-4079","0921-4771","http://creativecommons.org/licenses/by/4.0",TRUE,NA,NA,NA,NA,FALSE
"Frankfurt U",2023,2000,"10.1515/roe-2023-0024",TRUE,"Walter de Gruyter GmbH","Review of Economics","0948-5139","0948-5139","2366-035X","0948-5139","http://creativecommons.org/licenses/by/4.0",TRUE,NA,NA,NA,NA,FALSE
"Frankfurt U",2024,2380,"10.1515/sjpain-2024-0042",FALSE,"Walter de Gruyter GmbH","Scandinavian Journal of Pain","1877-8879",NA,"1877-8879","1877-8860","http://creativecommons.org/licenses/by/4.0",TRUE,"39629686",NA,NA,NA,TRUE
"Frankfurt U",2024,2300,"10.1515/spp-2023-0041",TRUE,"Walter de Gruyter GmbH","Statistics, Politics and Policy","2194-6299","2194-6299","2151-7509","2151-7509","http://creativecommons.org/licenses/by/4.0",TRUE,NA,NA,NA,NA,FALSE
"Frankfurt U",2023,2000,"10.1515/tl-2023-2009",TRUE,"Walter de Gruyter GmbH","Theoretical Linguistics","0301-4428","0301-4428","1613-4060","0301-4428","http://creativecommons.org/licenses/by/4.0",TRUE,NA,NA,NA,NA,FALSE
"Frankfurt U",2023,2000,"10.1515/tl-2023-2016",TRUE,"Walter de Gruyter GmbH","Theoretical Linguistics","0301-4428","0301-4428","1613-4060","0301-4428","http://creativecommons.org/licenses/by/4.0",TRUE,NA,NA,NA,NA,FALSE
"Frankfurt U",2023,1785,"10.1515/tnsci-2022-0315",FALSE,"Walter de Gruyter GmbH","Translational Neuroscience","2081-6936",NA,"2081-6936","2081-6936","http://creativecommons.org/licenses/by/4.0",TRUE,"37854584","PMC10579786",NA,NA,TRUE
"Frankfurt U",2023,2000,"10.1515/zcph-2023-0005",TRUE,"Walter de Gruyter GmbH","Zeitschrift für celtische Philologie","1865-889X","0084-5302","1865-889X","0084-5302","CC BY",TRUE,NA,NA,NA,NA,FALSE
"Frankfurt U",2024,2380,"10.1515/zfrs-2023-1007",TRUE,"Walter de Gruyter GmbH","Zeitschrift für Rechtssoziologie","2366-0392","0174-0202","2366-0392","0174-0202","http://creativecommons.org/licenses/by/4.0",TRUE,NA,NA,NA,NA,FALSE
"Frankfurt U",2024,2380,"10.1515/zfrs-2024-1005",TRUE,"Walter de Gruyter GmbH","Zeitschrift für Rechtssoziologie","2366-0392","0174-0202","2366-0392","0174-0202","http://creativecommons.org/licenses/by/4.0",TRUE,NA,NA,NA,NA,FALSE
"Frankfurt U",2024,2380,"10.1515/zfrs-2024-1009",TRUE,"Walter de Gruyter GmbH","Zeitschrift für Rechtssoziologie","2366-0392","0174-0202","2366-0392","0174-0202","http://creativecommons.org/licenses/by/4.0",TRUE,NA,NA,NA,NA,FALSE
"Frankfurt U",2023,7140,"10.1515/zfrs-2024-1011",TRUE,"Walter de Gruyter GmbH","Zeitschrift für Rechtssoziologie","2366-0392","0174-0202","2366-0392","0174-0202","http://creativecommons.org/licenses/by/4.0",TRUE,NA,NA,NA,NA,FALSE
"Frankfurt U",2024,2000,"10.1515/znth-2023-0018",TRUE,"Walter de Gruyter GmbH","Journal for the History of Modern Theology / Zeitschrift für Neuere Theologiegeschichte","1612-9776","0943-7592","1612-9776","0943-7592","http://creativecommons.org/licenses/by/4.0",TRUE,NA,NA,NA,NA,FALSE
"Frankfurt U",2023,2000,"10.1515/zug-2023-0013",TRUE,"Walter de Gruyter GmbH","Zeitschrift für Unternehmensgeschichte","2367-2293","0342-2852","2367-2293","0342-2852","http://creativecommons.org/licenses/by/4.0",TRUE,NA,NA,NA,NA,FALSE
"Frankfurt U",2023,2000,"10.1515/zug-2023-0017",TRUE,"Walter de Gruyter GmbH","Zeitschrift für Unternehmensgeschichte","2367-2293","0342-2852","2367-2293","0342-2852","http://creativecommons.org/licenses/by/4.0",TRUE,NA,NA,NA,NA,FALSE
"Frankfurt U",2024,2001.25,"10.1523/jneurosci.0535-22.2024",TRUE,"Society for Neuroscience","Journal of Neuroscience","0270-6474","0270-6474","1529-2401","0270-6474","https://creativecommons.org/licenses/by-nc-sa/4.0/",TRUE,"38951038","PMC11293454",NA,NA,FALSE
"Frankfurt U",2024,2575.33,"10.1523/jneurosci.0607-23.2023",TRUE,"Society for Neuroscience","Journal of Neuroscience","0270-6474","0270-6474","1529-2401","0270-6474","https://creativecommons.org/licenses/by-nc-sa/4.0/",TRUE,"38395614","PMC11026335",NA,NA,FALSE
"Frankfurt U",2024,2760.11,"10.1523/jneurosci.1372-23.2024",TRUE,"Society for Neuroscience","Journal of Neuroscience","0270-6474","0270-6474","1529-2401","0270-6474","https://creativecommons.org/licenses/by-nc-sa/4.0/",TRUE,"38548336","PMC11140687",NA,NA,FALSE
"Frankfurt U",2023,1301,"10.1523/jneurosci.2253-22.2023",TRUE,"Society for Neuroscience","Journal of Neuroscience","0270-6474","0270-6474","1529-2401","0270-6474","https://creativecommons.org/licenses/by-nc-sa/4.0/",TRUE,"37923378",NA,NA,NA,FALSE
"Frankfurt U",2023,1046.45,"10.15420/ecr.2023.02",FALSE,"Radcliffe Medical Media Ltd","European Cardiology Review","1758-3764","1758-3756","1758-3764","1758-3756","https://creativecommons.org/licenses/by-nc/4.0/legalcode",TRUE,"37942208","PMC10628999",NA,NA,TRUE
"Frankfurt U",2023,600,"10.1553/gw-unterricht169s22",FALSE,"Österreichische Akademie der Wissenschaften","GW-Unterricht","2077-1517","2077-1517","2414-4169","2077-1517",NA,TRUE,NA,NA,NA,NA,TRUE
"Frankfurt U",2023,600,"10.1553/gw-unterricht171s28",FALSE,"Österreichische Akademie der Wissenschaften","GW-Unterricht","2077-1517","2077-1517","2414-4169","2077-1517",NA,TRUE,NA,NA,NA,NA,TRUE
"Frankfurt U",2023,900,"10.1553/gw-unterricht171s38",FALSE,"Österreichische Akademie der Wissenschaften","GW-Unterricht","2077-1517","2077-1517","2414-4169","2077-1517",NA,TRUE,NA,NA,NA,NA,TRUE
"Frankfurt U",2023,780,"10.1553/gw-unterricht171s5",FALSE,"Österreichische Akademie der Wissenschaften","GW-Unterricht","2077-1517","2077-1517","2414-4169","2077-1517",NA,TRUE,NA,NA,NA,NA,TRUE
"Frankfurt U",2023,720,"10.1553/gw-unterricht171s54",FALSE,"Österreichische Akademie der Wissenschaften","GW-Unterricht","2077-1517","2077-1517","2414-4169","2077-1517",NA,TRUE,NA,NA,NA,NA,TRUE
"Frankfurt U",2023,300,"10.1553/gw-unterricht171s66",FALSE,"Österreichische Akademie der Wissenschaften","GW-Unterricht","2077-1517","2077-1517","2414-4169","2077-1517",NA,TRUE,NA,NA,NA,NA,TRUE
"Frankfurt U",2023,640.18,"10.16993/sjdr.980",FALSE,"Stockholm University Press","Scandinavian Journal of Disability Research","1745-3011","1745-3011",NA,"1501-7419",NA,TRUE,NA,NA,NA,NA,TRUE
"Frankfurt U",2023,1100,"10.17892/app.2022.00015.294",FALSE,"DiGZ. Digitalen Zugang zu Wissen demokratisch gestalten e.V.","Apparatus: Film, Media and Digital Cultures in Central and Eastern Europe","2365-7758",NA,NA,"2365-7758",NA,FALSE,NA,NA,NA,NA,TRUE
"Frankfurt U",2024,1565.93,"10.21037/jss-23-117",FALSE,"AME Publishing Company","Journal of Spine Surgery","2414-469X","2414-469X","2414-4630","2414-4630",NA,TRUE,"38567005","PMC10982923",NA,NA,FALSE
"Frankfurt U",2024,3296.3,"10.2147/itt.s463601",FALSE,"Informa UK Limited","ImmunoTargets and Therapy","2253-1556",NA,"2253-1556","2253-1556","https://creativecommons.org/licenses/by-nc/3.0/",TRUE,"39507298","PMC11539866",NA,NA,TRUE
"Frankfurt U",2023,2835.19,"10.2196/43896",FALSE,"JMIR Publications Inc.","JMIR Formative Research","2561-326X",NA,"2561-326X","2561-326X",NA,TRUE,"37307038","PMC10337415",NA,NA,TRUE
"Frankfurt U",2023,2184.97,"10.2196/45825",FALSE,"JMIR Publications Inc.","JMIR Human Factors","2292-9495",NA,"2292-9495","2292-9495",NA,TRUE,"37256683","PMC10234420",NA,NA,TRUE
"Frankfurt U",2024,2843.21,"10.2196/59513",FALSE,"JMIR Publications Inc.","JMIR Formative Research","2561-326X",NA,"2561-326X","2561-326X","CC BY",TRUE,"39661439","PMC11669884",NA,NA,TRUE
"Frankfurt U",2023,2690.16,"10.2196/46550",FALSE,"JMIR Publications Inc.","JMIR Mental Health","2368-7959",NA,"2368-7959","2368-7959",NA,TRUE,"37590053","PMC10472180",NA,NA,TRUE
"Frankfurt U",2023,1428,"10.2478/raon-2023-0021",FALSE,"Walter de Gruyter GmbH","Radiology and Oncology","1581-3207",NA,"1581-3207","1318-2099","http://creativecommons.org/licenses/by/4.0",TRUE,"37341195","PMC10286888",NA,NA,TRUE
"Frankfurt U",2023,1428,"10.2478/raon-2023-0024",FALSE,"Walter de Gruyter GmbH","Radiology and Oncology","1581-3207",NA,"1581-3207","1318-2099","http://creativecommons.org/licenses/by/4.0",TRUE,"37341197","PMC10286897",NA,NA,TRUE
"Frankfurt U",2024,1785,"10.26355/eurrev_202404_35908",FALSE,"Verduci","European Review for Medical and Pharmacological Sciences","2284-0729","1128-3602","2284-0729","1128-3602",NA,FALSE,NA,NA,NA,NA,TRUE
"Frankfurt U",2023,3920,"10.26508/lsa.202201804",FALSE,"Life Science Alliance, LLC","Life Science Alliance","2575-1077",NA,"2575-1077","2575-1077","https://creativecommons.org/licenses/by/4.0/",TRUE,"36849252","PMC9971161",NA,NA,TRUE
"Frankfurt U",2024,1160.25,"10.29333/ejmste/14321",FALSE,"Modestum Limited","EURASIA Journal of Mathematics, Science and Technology Education","1305-8215","1305-8215","1305-8223","1305-8223","CC BY",TRUE,NA,NA,NA,NA,FALSE
"Frankfurt U",2024,492.64,"10.2967/jnumed.124.268807",TRUE,"Society of Nuclear Medicine","Journal of Nuclear Medicine","0161-5505","0161-5505","2159-662X","0161-5505",NA,TRUE,"39542702",NA,NA,NA,FALSE
"Frankfurt U",2023,2142,"10.30965/27507955-20230023",FALSE,"Walter de Gruyter GmbH","Religion and Development","2750-7947","2750-7947","2750-7955","2750-7955","https://creativecommons.org/licenses/by/4.0/",TRUE,NA,NA,NA,NA,TRUE
"Frankfurt U",2023,1220,"10.31083/j.fbl2807138",FALSE,"IMR Press","Frontiers in Bioscience-Landmark","2768-6701","2768-6701","2768-6698","2768-6698","https://creativecommons.org/licenses/by/4.0/",TRUE,"37525914",NA,NA,NA,TRUE
"Frankfurt U",2023,2344.31,"10.31083/j.fbl2810273",FALSE,"IMR Press","Frontiers in Bioscience-Landmark","2768-6701","2768-6701","2768-6698","2768-6698","https://creativecommons.org/licenses/by/4.0/",TRUE,"37919074",NA,NA,NA,TRUE
"Frankfurt U",2023,3296.79,"10.1037/xge0001342",TRUE,"American Psychological Association (APA)","Journal of Experimental Psychology: General","1939-2222","0096-3445","1939-2222","0096-3445","http://www.apa.org/pubs/journals/resources/open-access.aspx",TRUE,"37155283",NA,NA,NA,FALSE
"Frankfurt U",2023,2067.83,"10.3197/ge.2023.160205",FALSE,"Liverpool University Press","Global Environment","1973-3739","1973-3739","2053-7352","1973-3739",NA,TRUE,NA,NA,NA,NA,TRUE
"Frankfurt U",2023,800,"10.3205/zma001613",FALSE,"German Medical Science","GMS Journal for Medical Education","2366-5017",NA,"2366-5017","2366-5017","http://creativecommons.org/licenses/by/4.0/",FALSE,"37377570","PMC10291346",NA,NA,TRUE
"Frankfurt U",2023,800,"10.3205/zma001651",FALSE,"German Medical Science","GMS Journal for Medical Education","2366-5017",NA,"2366-5017","2366-5017","http://creativecommons.org/licenses/by/4.0/",FALSE,"38125896","PMC10728665",NA,NA,TRUE
"Frankfurt U",2023,300,"10.32615/ps.2023.032",FALSE,"Institute of Experimental Botany","Photosynthetica","0300-3604","0300-3604","1573-9058","0300-3604",NA,TRUE,"39649487","PMC11586839",NA,NA,TRUE
"Frankfurt U",2023,2382.38,"10.3324/haematol.2022.281820",FALSE,"Ferrata Storti Foundation (Haematologica)","Haematologica","1592-8721","0390-6078","1592-8721","0390-6078","http://creativecommons.org/licenses/by-nc/4.0/",TRUE,"36779593",NA,NA,NA,TRUE
"Frankfurt U",2024,2380,"10.3324/haematol.2023.283669",FALSE,"Ferrata Storti Foundation (Haematologica)","Haematologica","1592-8721","0390-6078","1592-8721","0390-6078","http://creativecommons.org/licenses/by-nc/4.0/",TRUE,"37994105",NA,NA,NA,TRUE
"Frankfurt U",2023,1361.79,"10.3389/fams.2023.1095769",FALSE,"Frontiers Media SA","Frontiers in Applied Mathematics and Statistics","2297-4687",NA,"2297-4687","2297-4687","https://creativecommons.org/licenses/by/4.0/",TRUE,NA,NA,NA,NA,TRUE
"Frankfurt U",2024,1379.23,"10.3389/fams.2024.1423726",FALSE,"Frontiers Media SA","Frontiers in Applied Mathematics and Statistics","2297-4687",NA,"2297-4687","2297-4687","https://creativecommons.org/licenses/by/4.0/",TRUE,NA,NA,NA,NA,TRUE
"Frankfurt U",2023,1899.13,"10.3389/fbioe.2023.1190712",FALSE,"Frontiers Media SA","Frontiers in Bioengineering and Biotechnology","2296-4185",NA,"2296-4185","2296-4185","https://creativecommons.org/licenses/by/4.0/",TRUE,"37397970","PMC10313106",NA,NA,TRUE
"Frankfurt U",2023,2299.96,"10.3389/fceld.2023.1182239",FALSE,"Frontiers Media SA","Frontiers in Cell Death","2813-5563",NA,"2813-5563","2813-5563","https://creativecommons.org/licenses/by/4.0/",TRUE,NA,NA,NA,NA,TRUE
"Frankfurt U",2024,3731.84,"10.3389/fcell.2024.1472340",FALSE,"Frontiers Media SA","Frontiers in Cell and Developmental Biology","2296-634X",NA,"2296-634X","2296-634X","https://creativecommons.org/licenses/by/4.0/",TRUE,"39839673","PMC11747798",NA,NA,TRUE
"Frankfurt U",2024,3621.88,"10.3389/fcimb.2024.1363407",FALSE,"Frontiers Media SA","Frontiers in Cellular and Infection Microbiology","2235-2988",NA,"2235-2988","2235-2988","https://creativecommons.org/licenses/by/4.0/",TRUE,"38590437","PMC10999593",NA,NA,TRUE
"Frankfurt U",2024,2322.08,"10.3389/fcosc.2024.1405243",FALSE,"Frontiers Media SA","Frontiers in Conservation Science","2673-611X",NA,"2673-611X","2673-611X","https://creativecommons.org/licenses/by/4.0/",TRUE,NA,NA,NA,NA,TRUE
"Frankfurt U",2024,2161.24,"10.3389/fcosc.2024.1462664",FALSE,"Frontiers Media SA","Frontiers in Conservation Science","2673-611X",NA,"2673-611X","2673-611X","https://creativecommons.org/licenses/by/4.0/",TRUE,NA,NA,NA,NA,TRUE
"Frankfurt U",2023,3561.38,"10.3389/fcvm.2023.1104019",FALSE,"Frontiers Media SA","Frontiers in Cardiovascular Medicine","2297-055X",NA,"2297-055X","2297-055X","https://creativecommons.org/licenses/by/4.0/",TRUE,"37063955","PMC10098457",NA,NA,TRUE
"Frankfurt U",2023,3571.99,"10.3389/fcvm.2023.1192093",FALSE,"Frontiers Media SA","Frontiers in Cardiovascular Medicine","2297-055X",NA,"2297-055X","2297-055X","https://creativecommons.org/licenses/by/4.0/",TRUE,"37288259","PMC10242002",NA,NA,TRUE
"Frankfurt U",2024,3618.21,"10.3389/fcvm.2024.1337941",FALSE,"Frontiers Media SA","Frontiers in Cardiovascular Medicine","2297-055X",NA,"2297-055X","2297-055X","https://creativecommons.org/licenses/by/4.0/",TRUE,"38404721","PMC10885355",NA,NA,TRUE
"Frankfurt U",2023,3494.92,"10.3389/feart.2023.1217587",FALSE,"Frontiers Media SA","Frontiers in Earth Science","2296-6463",NA,"2296-6463","2296-6463","https://creativecommons.org/licenses/by/4.0/",TRUE,NA,NA,NA,NA,TRUE
"Frankfurt U",2023,1790.69,"10.3389/feart.2023.1228103",FALSE,"Frontiers Media SA","Frontiers in Earth Science","2296-6463",NA,"2296-6463","2296-6463","https://creativecommons.org/licenses/by/4.0/",TRUE,NA,NA,NA,NA,TRUE
"Frankfurt U",2023,1356.8,"10.3389/feduc.2023.1143773",FALSE,"Frontiers Media SA","Frontiers in Education","2504-284X",NA,"2504-284X","2504-284X","https://creativecommons.org/licenses/by/4.0/",TRUE,NA,NA,NA,NA,TRUE
"Frankfurt U",2023,1392.85,"10.3389/feduc.2023.1145588",FALSE,"Frontiers Media SA","Frontiers in Education","2504-284X",NA,"2504-284X","2504-284X","https://creativecommons.org/licenses/by/4.0/",TRUE,NA,NA,NA,NA,TRUE
"Frankfurt U",2023,1372.82,"10.3389/feduc.2023.1180266",FALSE,"Frontiers Media SA","Frontiers in Education","2504-284X",NA,"2504-284X","2504-284X","https://creativecommons.org/licenses/by/4.0/",TRUE,NA,NA,NA,NA,TRUE
"Frankfurt U",2023,1360.24,"10.3389/feduc.2023.1216318",FALSE,"Frontiers Media SA","Frontiers in Education","2504-284X",NA,"2504-284X","2504-284X","https://creativecommons.org/licenses/by/4.0/",TRUE,NA,NA,NA,NA,TRUE
"Frankfurt U",2024,1229.23,"10.3389/feduc.2024.1388202",FALSE,"Frontiers Media SA","Frontiers in Education","2504-284X",NA,"2504-284X","2504-284X","https://creativecommons.org/licenses/by/4.0/",TRUE,NA,NA,NA,NA,TRUE
"Frankfurt U",2023,2007.64,"10.3389/fetho.2023.1219977",FALSE,"Frontiers Media SA","Frontiers in Ethology","2813-5091",NA,"2813-5091","2813-5091","https://creativecommons.org/licenses/by/4.0/",TRUE,NA,NA,NA,NA,TRUE
"Frankfurt U",2023,3636.29,"10.3389/fimmu.2023.1107150",FALSE,"Frontiers Media SA","Frontiers in Immunology","1664-3224",NA,"1664-3224","1664-3224","https://creativecommons.org/licenses/by/4.0/",TRUE,"36969201","PMC10034046",NA,NA,TRUE
"Frankfurt U",2023,3560.06,"10.3389/fimmu.2023.1121864",FALSE,"Frontiers Media SA","Frontiers in Immunology","1664-3224",NA,"1664-3224","1664-3224","https://creativecommons.org/licenses/by/4.0/",TRUE,"37377965","PMC10291055",NA,NA,TRUE
"Frankfurt U",2023,2202.28,"10.3389/fimmu.2023.1180488",FALSE,"Frontiers Media SA","Frontiers in Immunology","1664-3224",NA,"1664-3224","1664-3224","https://creativecommons.org/licenses/by/4.0/",TRUE,"37153593","PMC10158531",NA,NA,TRUE
"Frankfurt U",2023,3511.2,"10.3389/fimmu.2023.1196241",FALSE,"Frontiers Media SA","Frontiers in Immunology","1664-3224",NA,"1664-3224","1664-3224","https://creativecommons.org/licenses/by/4.0/",TRUE,"37662913","PMC10471799",NA,NA,TRUE
"Frankfurt U",2023,3044.79,"10.3389/fimmu.2023.1228894",FALSE,"Frontiers Media SA","Frontiers in Immunology","1664-3224",NA,"1664-3224","1664-3224","https://creativecommons.org/licenses/by/4.0/",TRUE,"37662907","PMC10471977",NA,NA,TRUE
"Frankfurt U",2024,3712.06,"10.3389/fimmu.2024.1347767",FALSE,"Frontiers Media SA","Frontiers in Immunology","1664-3224",NA,"1664-3224","1664-3224","https://creativecommons.org/licenses/by/4.0/",TRUE,"38533491","PMC10963595",NA,NA,TRUE
"Frankfurt U",2024,3635.65,"10.3389/fimmu.2024.1353922",FALSE,"Frontiers Media SA","Frontiers in Immunology","1664-3224",NA,"1664-3224","1664-3224","https://creativecommons.org/licenses/by/4.0/",TRUE,"38745645","PMC11091258",NA,NA,TRUE
"Frankfurt U",2024,3665.9,"10.3389/fimmu.2024.1377955",FALSE,"Frontiers Media SA","Frontiers in Immunology","1664-3224",NA,"1664-3224","1664-3224","https://creativecommons.org/licenses/by/4.0/",TRUE,"39165363","PMC11333214",NA,NA,TRUE
"Frankfurt U",2024,3669.33,"10.3389/fimmu.2024.1390468",FALSE,"Frontiers Media SA","Frontiers in Immunology","1664-3224",NA,"1664-3224","1664-3224","https://creativecommons.org/licenses/by/4.0/",TRUE,"38726006","PMC11079166",NA,NA,TRUE
"Frankfurt U",2024,3603.25,"10.3389/fimmu.2024.1478786",FALSE,"Frontiers Media SA","Frontiers in Immunology","1664-3224",NA,"1664-3224","1664-3224","https://creativecommons.org/licenses/by/4.0/",TRUE,"39703513","PMC11656158",NA,NA,TRUE
"Frankfurt U",2024,3603.25,"10.3389/fimmu.2024.1488611",FALSE,"Frontiers Media SA","Frontiers in Immunology","1664-3224",NA,"1664-3224","1664-3224","https://creativecommons.org/licenses/by/4.0/",TRUE,"39507531","PMC11537973",NA,NA,TRUE
"Frankfurt U",2024,2368.24,"10.3389/fimmu.2024.1507494",FALSE,"Frontiers Media SA","Frontiers in Immunology","1664-3224",NA,"1664-3224","1664-3224","https://creativecommons.org/licenses/by/4.0/",TRUE,"39936153","PMC11810938",NA,NA,TRUE
"Frankfurt U",2023,2272.28,"10.3389/fmamm.2023.1243883",FALSE,"Frontiers Media SA","Frontiers in Mammal Science","2813-4699",NA,"2813-4699","2813-4699","https://creativecommons.org/licenses/by/4.0/",TRUE,NA,NA,NA,NA,TRUE
"Frankfurt U",2024,1980.69,"10.3389/fmamm.2024.1380915",FALSE,"Frontiers Media SA","Frontiers in Mammal Science","2813-4699",NA,"2813-4699","2813-4699","https://creativecommons.org/licenses/by/4.0/",TRUE,NA,NA,NA,NA,TRUE
"Frankfurt U",2023,2978.94,"10.3389/fmed.2023.1117777",FALSE,"Frontiers Media SA","Frontiers in Medicine","2296-858X",NA,"2296-858X","2296-858X","https://creativecommons.org/licenses/by/4.0/",TRUE,"36778744","PMC9911444",NA,NA,TRUE
"Frankfurt U",2024,3610.54,"10.3389/fmed.2024.1353405",FALSE,"Frontiers Media SA","Frontiers in Medicine","2296-858X",NA,"2296-858X","2296-858X","https://creativecommons.org/licenses/by/4.0/",TRUE,"38721356","PMC11076707",NA,NA,TRUE
"Frankfurt U",2024,3665.9,"10.3389/fmed.2024.1409160",FALSE,"Frontiers Media SA","Frontiers in Medicine","2296-858X",NA,"2296-858X","2296-858X","https://creativecommons.org/licenses/by/4.0/",TRUE,"39206167","PMC11349524",NA,NA,TRUE
"Frankfurt U",2024,3536.62,"10.3389/fmed.2024.1419575",FALSE,"Frontiers Media SA","Frontiers in Medicine","2296-858X",NA,"2296-858X","2296-858X","https://creativecommons.org/licenses/by/4.0/",TRUE,"39351006","PMC11441061",NA,NA,TRUE
"Frankfurt U",2024,3554.58,"10.3389/fmed.2024.1429093",FALSE,"Frontiers Media SA","Frontiers in Medicine","2296-858X",NA,"2296-858X","2296-858X","https://creativecommons.org/licenses/by/4.0/",TRUE,"39371342","PMC11450716",NA,NA,TRUE
"Frankfurt U",2023,2172.64,"10.3389/fmicb.2023.1280972",FALSE,"Frontiers Media SA","Frontiers in Microbiology","1664-302X",NA,"1664-302X","1664-302X","https://creativecommons.org/licenses/by/4.0/",TRUE,"38094630","PMC10716476",NA,NA,TRUE
"Frankfurt U",2023,3921.05,"10.3389/fmicb.2023.1291523",FALSE,"Frontiers Media SA","Frontiers in Microbiology","1664-302X",NA,"1664-302X","1664-302X","https://creativecommons.org/licenses/by/4.0/",TRUE,"38029211","PMC10666635",NA,NA,TRUE
"Frankfurt U",2023,3526.87,"10.3389/fmolb.2023.1139919",FALSE,"Frontiers Media SA","Frontiers in Molecular Biosciences","2296-889X",NA,"2296-889X","2296-889X","https://creativecommons.org/licenses/by/4.0/",TRUE,"37719267","PMC10500059",NA,NA,TRUE
"Frankfurt U",2023,3571.66,"10.3389/fnana.2023.1125623",FALSE,"Frontiers Media SA","Frontiers in Neuroanatomy","1662-5129",NA,"1662-5129","1662-5129","https://creativecommons.org/licenses/by/4.0/",TRUE,"37090138","PMC10113456",NA,NA,TRUE
"Frankfurt U",2024,3982.24,"10.3389/fnana.2024.1513511",FALSE,"Frontiers Media SA","Frontiers in Neuroanatomy","1662-5129",NA,"1662-5129","1662-5129","https://creativecommons.org/licenses/by/4.0/",TRUE,"39906761","PMC11790675",NA,NA,TRUE
"Frankfurt U",2023,3472.77,"10.3389/fncel.2023.1120651",FALSE,"Frontiers Media SA","Frontiers in Cellular Neuroscience","1662-5102",NA,"1662-5102","1662-5102","https://creativecommons.org/licenses/by/4.0/",TRUE,"37066081","PMC10102542",NA,NA,TRUE
"Frankfurt U",2024,3495,"10.3389/fncel.2024.1516093",FALSE,"Frontiers Media SA","Frontiers in Cellular Neuroscience","1662-5102",NA,"1662-5102","1662-5102","https://creativecommons.org/licenses/by/4.0/",TRUE,"39717390","PMC11664223",NA,NA,TRUE
"Frankfurt U",2023,3540.03,"10.3389/fneur.2023.1165258",FALSE,"Frontiers Media SA","Frontiers in Neurology","1664-2295",NA,"1664-2295","1664-2295","https://creativecommons.org/licenses/by/4.0/",TRUE,"37139059","PMC10149688",NA,NA,TRUE
"Frankfurt U",2024,3618.21,"10.3389/fneur.2024.1361751",FALSE,"Frontiers Media SA","Frontiers in Neurology","1664-2295",NA,"1664-2295","1664-2295","https://creativecommons.org/licenses/by/4.0/",TRUE,"38410198","PMC10894916",NA,NA,TRUE
"Frankfurt U",2024,3662.82,"10.3389/fneur.2024.1385042",FALSE,"Frontiers Media SA","Frontiers in Neurology","1664-2295",NA,"1664-2295","1664-2295","https://creativecommons.org/licenses/by/4.0/",TRUE,"39148705","PMC11325594",NA,NA,TRUE
"Frankfurt U",2023,3598.78,"10.3389/fnins.2023.1128197",FALSE,"Frontiers Media SA","Frontiers in Neuroscience","1662-453X",NA,"1662-453X","1662-453X","https://creativecommons.org/licenses/by/4.0/",TRUE,"36992854","PMC10042076",NA,NA,TRUE
"Frankfurt U",2023,3494.89,"10.3389/fnmol.2023.1118746",FALSE,"Frontiers Media SA","Frontiers in Molecular Neuroscience","1662-5099",NA,"1662-5099","1662-5099","https://creativecommons.org/licenses/by/4.0/",TRUE,"37293543","PMC10244516",NA,NA,TRUE
"Frankfurt U",2023,2813.41,"10.3389/fonc.2023.972042",FALSE,"Frontiers Media SA","Frontiers in Oncology","2234-943X",NA,"2234-943X","2234-943X","https://creativecommons.org/licenses/by/4.0/",TRUE,"36959788","PMC10028140",NA,NA,TRUE
"Frankfurt U",2023,1875.23,"10.3389/fphar.2023.1121819",FALSE,"Frontiers Media SA","Frontiers in Pharmacology","1663-9812",NA,"1663-9812","1663-9812","https://creativecommons.org/licenses/by/4.0/",TRUE,"36744258","PMC9895399",NA,NA,TRUE
"Frankfurt U",2023,3633.33,"10.3389/fphar.2023.1234701",FALSE,"Frontiers Media SA","Frontiers in Pharmacology","1663-9812",NA,"1663-9812","1663-9812","https://creativecommons.org/licenses/by/4.0/",TRUE,"37841934","PMC10569491",NA,NA,TRUE
"Frankfurt U",2024,2387.07,"10.3389/fphar.2024.1459735",FALSE,"Frontiers Media SA","Frontiers in Pharmacology","1663-9812",NA,"1663-9812","1663-9812","https://creativecommons.org/licenses/by/4.0/",TRUE,"39744124","PMC11688182",NA,NA,TRUE
"Frankfurt U",2024,2226.73,"10.3389/fphar.2024.1474285",FALSE,"Frontiers Media SA","Frontiers in Pharmacology","1663-9812",NA,"1663-9812","1663-9812","https://creativecommons.org/licenses/by/4.0/",TRUE,"39372215","PMC11449703",NA,NA,TRUE
"Frankfurt U",2024,3958.37,"10.3389/fphar.2024.1528759",FALSE,"Frontiers Media SA","Frontiers in Pharmacology","1663-9812",NA,"1663-9812","1663-9812","https://creativecommons.org/licenses/by/4.0/",TRUE,"39759451","PMC11695368",NA,NA,TRUE
"Frankfurt U",2024,1405.21,"10.3389/fphy.2024.1502621",FALSE,"Frontiers Media SA","Frontiers in Physics","2296-424X",NA,"2296-424X","2296-424X","https://creativecommons.org/licenses/by/4.0/",TRUE,NA,NA,NA,NA,TRUE
"Frankfurt U",2023,3534.49,"10.3389/fphys.2023.1125864",FALSE,"Frontiers Media SA","Frontiers in Physiology","1664-042X",NA,"1664-042X","1664-042X","https://creativecommons.org/licenses/by/4.0/",TRUE,"36824462","PMC9941170",NA,NA,TRUE
"Frankfurt U",2024,3982.24,"10.3389/fphys.2024.1527523",FALSE,"Frontiers Media SA","Frontiers in Physiology","1664-042X",NA,"1664-042X","1664-042X","https://creativecommons.org/licenses/by/4.0/",TRUE,"39949837","PMC11821631",NA,NA,TRUE
"Frankfurt U",2024,544.03,"10.3389/fpls.2024.1391043",FALSE,"Frontiers Media SA","Frontiers in Plant Science","1664-462X",NA,"1664-462X","1664-462X","https://creativecommons.org/licenses/by/4.0/",TRUE,"38736449","PMC11082374",NA,NA,TRUE
"Frankfurt U",2023,1371.44,"10.3389/fpos.2023.1197317",FALSE,"Frontiers Media SA","Frontiers in Political Science","2673-3145",NA,"2673-3145","2673-3145","https://creativecommons.org/licenses/by/4.0/",TRUE,NA,NA,NA,NA,TRUE
"Frankfurt U",2024,1400.65,"10.3389/fpos.2024.1198295",FALSE,"Frontiers Media SA","Frontiers in Political Science","2673-3145",NA,"2673-3145","2673-3145","https://creativecommons.org/licenses/by/4.0/",TRUE,NA,NA,NA,NA,TRUE
"Frankfurt U",2023,3501.56,"10.3389/fpsyg.2023.1142506",FALSE,"Frontiers Media SA","Frontiers in Psychology","1664-1078",NA,"1664-1078","1664-1078","https://creativecommons.org/licenses/by/4.0/",TRUE,"37213360","PMC10196116",NA,NA,TRUE
"Frankfurt U",2023,2884.62,"10.3389/fpsyg.2023.1164990",FALSE,"Frontiers Media SA","Frontiers in Psychology","1664-1078",NA,"1664-1078","1664-1078","https://creativecommons.org/licenses/by/4.0/",TRUE,"37546435","PMC10399688",NA,NA,TRUE
"Frankfurt U",2023,3582.5,"10.3389/fpsyg.2023.1192483",FALSE,"Frontiers Media SA","Frontiers in Psychology","1664-1078",NA,"1664-1078","1664-1078","https://creativecommons.org/licenses/by/4.0/",TRUE,"37342635","PMC10278942",NA,NA,TRUE
"Frankfurt U",2024,1775.43,"10.3389/fpsyg.2024.1200279",FALSE,"Frontiers Media SA","Frontiers in Psychology","1664-1078",NA,"1664-1078","1664-1078","https://creativecommons.org/licenses/by/4.0/",TRUE,"38586286","PMC10995398",NA,NA,TRUE
"Frankfurt U",2024,2001.69,"10.3389/fpsyg.2024.1248496",FALSE,"Frontiers Media SA","Frontiers in Psychology","1664-1078",NA,"1664-1078","1664-1078","https://creativecommons.org/licenses/by/4.0/",TRUE,"38515962","PMC10954805",NA,NA,TRUE
"Frankfurt U",2024,3668.31,"10.3389/fpsyg.2024.1357312",FALSE,"Frontiers Media SA","Frontiers in Psychology","1664-1078",NA,"1664-1078","1664-1078","https://creativecommons.org/licenses/by/4.0/",TRUE,"39077212","PMC11284104",NA,NA,TRUE
"Frankfurt U",2024,2131.36,"10.3389/fpsyg.2024.1358279",FALSE,"Frontiers Media SA","Frontiers in Psychology","1664-1078",NA,"1664-1078","1664-1078","https://creativecommons.org/licenses/by/4.0/",TRUE,"39669681","PMC11635767",NA,NA,TRUE
"Frankfurt U",2024,3502.19,"10.3389/fpsyg.2024.1396881",FALSE,"Frontiers Media SA","Frontiers in Psychology","1664-1078",NA,"1664-1078","1664-1078","https://creativecommons.org/licenses/by/4.0/",TRUE,"39507081","PMC11538010",NA,NA,TRUE
"Frankfurt U",2024,3621.22,"10.3389/fpsyg.2024.1414852",FALSE,"Frontiers Media SA","Frontiers in Psychology","1664-1078",NA,"1664-1078","1664-1078","https://creativecommons.org/licenses/by/4.0/",TRUE,"39070588","PMC11272657",NA,NA,TRUE
"Frankfurt U",2024,3536.62,"10.3389/fpsyg.2024.1446799",FALSE,"Frontiers Media SA","Frontiers in Psychology","1664-1078",NA,"1664-1078","1664-1078","https://creativecommons.org/licenses/by/4.0/",TRUE,"39355299","PMC11442237",NA,NA,TRUE
"Frankfurt U",2023,2021.89,"10.3389/fpsyt.2023.1112843",FALSE,"Frontiers Media SA","Frontiers in Psychiatry","1664-0640",NA,"1664-0640","1664-0640","https://creativecommons.org/licenses/by/4.0/",TRUE,"36950259","PMC10025293",NA,NA,TRUE
"Frankfurt U",2023,3248.05,"10.3389/fpsyt.2023.1141768",FALSE,"Frontiers Media SA","Frontiers in Psychiatry","1664-0640",NA,"1664-0640","1664-0640","https://creativecommons.org/licenses/by/4.0/",TRUE,"37009117","PMC10060528",NA,NA,TRUE
"Frankfurt U",2023,3525.4,"10.3389/fpsyt.2023.1198632",FALSE,"Frontiers Media SA","Frontiers in Psychiatry","1664-0640",NA,"1664-0640","1664-0640","https://creativecommons.org/licenses/by/4.0/",TRUE,"37840810","PMC10569605",NA,NA,TRUE
"Frankfurt U",2023,2028.19,"10.3389/fpubh.2023.1281363",FALSE,"Frontiers Media SA","Frontiers in Public Health","2296-2565",NA,"2296-2565","2296-2565","https://creativecommons.org/licenses/by/4.0/",TRUE,"38098830","PMC10720619",NA,NA,TRUE
"Frankfurt U",2024,2321.44,"10.3389/fragi.2024.1356697",FALSE,"Frontiers Media SA","Frontiers in Aging","2673-6217",NA,"2673-6217","2673-6217","https://creativecommons.org/licenses/by/4.0/",TRUE,"38327611","PMC10847301",NA,NA,TRUE
"Frankfurt U",2023,2091.01,"10.3389/frai.2023.1084740",FALSE,"Frontiers Media SA","Frontiers in Artificial Intelligence","2624-8212",NA,"2624-8212","2624-8212","https://creativecommons.org/licenses/by/4.0/",TRUE,"36793938","PMC9923013",NA,NA,TRUE
"Frankfurt U",2023,1049.07,"10.3389/frans.2023.1119489",FALSE,"Frontiers Media SA","Frontiers in Analytical Science","2673-9283",NA,"2673-9283","2673-9283","https://creativecommons.org/licenses/by/4.0/",TRUE,NA,NA,NA,NA,TRUE
"Frankfurt U",2023,1371.82,"10.3389/frsus.2023.1249328",FALSE,"Frontiers Media SA","Frontiers in Sustainability","2673-4524",NA,"2673-4524","2673-4524","https://creativecommons.org/licenses/by/4.0/",TRUE,NA,NA,NA,NA,TRUE
"Frankfurt U",2023,1373,"10.3389/fsoc.2023.1189235",FALSE,"Frontiers Media SA","Frontiers in Sociology","2297-7775",NA,"2297-7775","2297-7775","https://creativecommons.org/licenses/by/4.0/",TRUE,"38162932","PMC10757600",NA,NA,TRUE
"Frankfurt U",2023,2252.33,"10.3389/fspor.2023.1213957",FALSE,"Frontiers Media SA","Frontiers in Sports and Active Living","2624-9367",NA,"2624-9367","2624-9367","https://creativecommons.org/licenses/by/4.0/",TRUE,"37398557","PMC10312092",NA,NA,TRUE
"Frankfurt U",2024,2365.76,"10.3389/fspor.2024.1408711",FALSE,"Frontiers Media SA","Frontiers in Sports and Active Living","2624-9367",NA,"2624-9367","2624-9367","https://creativecommons.org/licenses/by/4.0/",TRUE,"39005625","PMC11239427",NA,NA,TRUE
"Frankfurt U",2024,2322.08,"10.3389/fspor.2024.1419088",FALSE,"Frontiers Media SA","Frontiers in Sports and Active Living","2624-9367",NA,"2624-9367","2624-9367","https://creativecommons.org/licenses/by/4.0/",TRUE,"39108981","PMC11300249",NA,NA,TRUE
"Frankfurt U",2024,2272.83,"10.3389/fspor.2024.1459103",FALSE,"Frontiers Media SA","Frontiers in Sports and Active Living","2624-9367",NA,"2624-9367","2624-9367","https://creativecommons.org/licenses/by/4.0/",TRUE,"39398270","PMC11466810",NA,NA,TRUE
"Frankfurt U",2023,3418.14,"10.3389/fsurg.2023.1186971",FALSE,"Frontiers Media SA","Frontiers in Surgery","2296-875X",NA,"2296-875X","2296-875X","https://creativecommons.org/licenses/by/4.0/",TRUE,"37435472","PMC10332323",NA,NA,TRUE
"Frankfurt U",2024,1384.45,"10.3389/frwa.2024.1448625",FALSE,"Frontiers Media SA","Frontiers in Water","2624-9375",NA,"2624-9375","2624-9375","https://creativecommons.org/licenses/by/4.0/",TRUE,NA,NA,NA,NA,TRUE
"Frankfurt U",2023,3637.16,"10.3389/fphar.2023.1233184",FALSE,"Frontiers Media SA","Frontiers in Pharmacology","1663-9812",NA,"1663-9812","1663-9812","https://creativecommons.org/licenses/by/4.0/",TRUE,"37767398","PMC10520702",NA,NA,TRUE
"",,,"","","","","","","","","","","","","","",""
"Frankfurt U",2023,1103.73,"10.3390/ai5010006",FALSE,"MDPI AG","AI","2673-2688",NA,"2673-2688","2673-2688","https://creativecommons.org/licenses/by/4.0/",TRUE,NA,NA,NA,NA,TRUE
"Frankfurt U",2023,2009.91,"10.3390/ani13162560",FALSE,"MDPI AG","Animals","2076-2615",NA,"2076-2615","2076-2615","https://creativecommons.org/licenses/by/4.0/",TRUE,"37627350","PMC10451853",NA,NA,TRUE
"Frankfurt U",2024,2626.47,"10.3390/ani14121720",FALSE,"MDPI AG","Animals","2076-2615",NA,"2076-2615","2076-2615","https://creativecommons.org/licenses/by/4.0/",TRUE,"38929339","PMC11200941",NA,NA,TRUE
"Frankfurt U",2023,1685.98,"10.3390/antibiotics12010180",FALSE,"MDPI AG","Antibiotics","2079-6382",NA,"2079-6382","2079-6382","https://creativecommons.org/licenses/by/4.0/",TRUE,"36671381","PMC9854755",NA,NA,TRUE
"Frankfurt U",2024,2582.07,"10.3390/antiox13091113",FALSE,"MDPI AG","Antioxidants","2076-3921",NA,"2076-3921","2076-3921","https://creativecommons.org/licenses/by/4.0/",TRUE,"39334772","PMC11428687",NA,NA,TRUE
"Frankfurt U",2023,1637.02,"10.3390/app13031297",FALSE,"MDPI AG","Applied Sciences","2076-3417",NA,"2076-3417","2076-3417","https://creativecommons.org/licenses/by/4.0/",TRUE,NA,NA,NA,NA,TRUE
"Frankfurt U",2023,1364.18,"10.3390/app13031364",FALSE,"MDPI AG","Applied Sciences","2076-3417",NA,"2076-3417","2076-3417","https://creativecommons.org/licenses/by/4.0/",TRUE,NA,NA,NA,NA,TRUE
"Frankfurt U",2023,1655.89,"10.3390/app13031454",FALSE,"MDPI AG","Applied Sciences","2076-3417",NA,"2076-3417","2076-3417","https://creativecommons.org/licenses/by/4.0/",TRUE,NA,NA,NA,NA,TRUE
"Frankfurt U",2023,1498.13,"10.3390/atmos14111655",FALSE,"MDPI AG","Atmosphere","2073-4433",NA,"2073-4433","2073-4433","https://creativecommons.org/licenses/by/4.0/",TRUE,NA,NA,NA,NA,TRUE
"Frankfurt U",2023,2163.15,"10.3390/bioengineering10040403",FALSE,"MDPI AG","Bioengineering","2306-5354",NA,"2306-5354","2306-5354","https://creativecommons.org/licenses/by/4.0/",TRUE,"37106590","PMC10135765",NA,NA,TRUE
"Frankfurt U",2023,1206.07,"10.3390/bioengineering10040477",FALSE,"MDPI AG","Bioengineering","2306-5354",NA,"2306-5354","2306-5354","https://creativecommons.org/licenses/by/4.0/",TRUE,"37106664","PMC10136304",NA,NA,TRUE
"Frankfurt U",2023,2145.74,"10.3390/bioengineering10091011",FALSE,"MDPI AG","Bioengineering","2306-5354",NA,"2306-5354","2306-5354","https://creativecommons.org/licenses/by/4.0/",TRUE,"37760113","PMC10525182",NA,NA,TRUE
"Frankfurt U",2024,3346.91,"10.3390/bioengineering11030287",FALSE,"MDPI AG","Bioengineering","2306-5354",NA,"2306-5354","2306-5354","https://creativecommons.org/licenses/by/4.0/",TRUE,"38534561","PMC10968167",NA,NA,TRUE
"Frankfurt U",2024,3328.36,"10.3390/bioengineering11040303",FALSE,"MDPI AG","Bioengineering","2306-5354",NA,"2306-5354","2306-5354","https://creativecommons.org/licenses/by/4.0/",TRUE,"38671725","PMC11048113",NA,NA,TRUE
"Frankfurt U",2024,2180.26,"10.3390/bioengineering11040400",FALSE,"MDPI AG","Bioengineering","2306-5354",NA,"2306-5354","2306-5354","https://creativecommons.org/licenses/by/4.0/",TRUE,"38671821","PMC11048138",NA,NA,TRUE
"Frankfurt U",2024,1897.15,"10.3390/bioengineering11080807",FALSE,"MDPI AG","Bioengineering","2306-5354",NA,"2306-5354","2306-5354","https://creativecommons.org/licenses/by/4.0/",TRUE,"39199765","PMC11352193",NA,NA,TRUE
"Frankfurt U",2023,4760,"10.3390/biom13081225",FALSE,"MDPI AG","Biomolecules","2218-273X",NA,"2218-273X","2218-273X","https://creativecommons.org/licenses/by/4.0/",TRUE,"37627290","PMC10452872",NA,NA,TRUE
"Frankfurt U",2024,3062.96,"10.3390/biom14020241",FALSE,"MDPI AG","Biomolecules","2218-273X",NA,"2218-273X","2218-273X","https://creativecommons.org/licenses/by/4.0/",TRUE,"38397478","PMC10886707",NA,NA,TRUE
"Frankfurt U",2023,2233.23,"10.3390/biomedicines11082281",FALSE,"MDPI AG","Biomedicines","2227-9059",NA,"2227-9059","2227-9059","https://creativecommons.org/licenses/by/4.0/",TRUE,"37626776","PMC10452344",NA,NA,TRUE
"Frankfurt U",2023,1623.12,"10.3390/biomedicines12010014",FALSE,"MDPI AG","Biomedicines","2227-9059",NA,"2227-9059","2227-9059","https://creativecommons.org/licenses/by/4.0/",TRUE,"38275375","PMC10813739",NA,NA,TRUE
"Frankfurt U",2024,2877.27,"10.3390/biomedicines12081639",FALSE,"MDPI AG","Biomedicines","2227-9059",NA,"2227-9059","2227-9059","https://creativecommons.org/licenses/by/4.0/",TRUE,"39200104","PMC11352044",NA,NA,TRUE
"Frankfurt U",2023,2867.39,"10.3390/cancers15123249",FALSE,"MDPI AG","Cancers","2072-6694",NA,"2072-6694","2072-6694","https://creativecommons.org/licenses/by/4.0/",TRUE,"37370864","PMC10296786",NA,NA,FALSE
"Frankfurt U",2023,2914.61,"10.3390/cancers15174322",FALSE,"MDPI AG","Cancers","2072-6694",NA,"2072-6694","2072-6694","https://creativecommons.org/licenses/by/4.0/",TRUE,"37686598","PMC10486413",NA,NA,FALSE
"Frankfurt U",2023,2215.33,"10.3390/cancers15184605",FALSE,"MDPI AG","Cancers","2072-6694",NA,"2072-6694","2072-6694","https://creativecommons.org/licenses/by/4.0/",TRUE,"37760574","PMC10527374",NA,NA,FALSE
"Frankfurt U",2023,1614.01,"10.3390/cancers15205076",FALSE,"MDPI AG","Cancers","2072-6694",NA,"2072-6694","2072-6694","https://creativecommons.org/licenses/by/4.0/",TRUE,"37894442","PMC10604945",NA,NA,FALSE
"Frankfurt U",2023,1824.62,"10.3390/cancers15215239",FALSE,"MDPI AG","Cancers","2072-6694",NA,"2072-6694","2072-6694","https://creativecommons.org/licenses/by/4.0/",TRUE,"37958413","PMC10649931",NA,NA,FALSE
"Frankfurt U",2023,3091.67,"10.3390/cancers16010107",FALSE,"MDPI AG","Cancers","2072-6694",NA,"2072-6694","2072-6694","https://creativecommons.org/licenses/by/4.0/",TRUE,"38201534","PMC10778249",NA,NA,FALSE
"Frankfurt U",2024,1410.98,"10.3390/cancers16081498",FALSE,"MDPI AG","Cancers","2072-6694",NA,"2072-6694","2072-6694","https://creativecommons.org/licenses/by/4.0/",TRUE,"38672580","PMC11049215",NA,NA,FALSE
"Frankfurt U",2024,1421.82,"10.3390/cancers16091756",FALSE,"MDPI AG","Cancers","2072-6694",NA,"2072-6694","2072-6694","https://creativecommons.org/licenses/by/4.0/",TRUE,"38730708","PMC11083408",NA,NA,FALSE
"Frankfurt U",2024,2527.23,"10.3390/cancers16132373",FALSE,"MDPI AG","Cancers","2072-6694",NA,"2072-6694","2072-6694","https://creativecommons.org/licenses/by/4.0/",TRUE,"39001435","PMC11240795",NA,NA,FALSE
"Frankfurt U",2024,3249.3,"10.3390/cancers16132442",FALSE,"MDPI AG","Cancers","2072-6694",NA,"2072-6694","2072-6694","https://creativecommons.org/licenses/by/4.0/",TRUE,"39001504","PMC11240676",NA,NA,FALSE
"Frankfurt U",2024,1661.89,"10.3390/cancers16213673",FALSE,"MDPI AG","Cancers","2072-6694",NA,"2072-6694","2072-6694","https://creativecommons.org/licenses/by/4.0/",TRUE,"39518112","PMC11544879",NA,NA,FALSE
"",,,"","","","","","","","","","","","","","",""
"Frankfurt U",2023,1690.98,"10.3390/cells12060850",FALSE,"MDPI AG","Cells","2073-4409",NA,"2073-4409","2073-4409","https://creativecommons.org/licenses/by/4.0/",TRUE,"36980191","PMC10047294",NA,NA,TRUE
"Frankfurt U",2023,2867.63,"10.3390/cells12060906",FALSE,"MDPI AG","Cells","2073-4409",NA,"2073-4409","2073-4409","https://creativecommons.org/licenses/by/4.0/",TRUE,"36980247","PMC10047333",NA,NA,TRUE
"Frankfurt U",2023,2075.21,"10.3390/cells12091289",FALSE,"MDPI AG","Cells","2073-4409",NA,"2073-4409","2073-4409","https://creativecommons.org/licenses/by/4.0/",TRUE,"37174689","PMC10177115",NA,NA,TRUE
"Frankfurt U",2023,2319.26,"10.3390/cells12101345",FALSE,"MDPI AG","Cells","2073-4409",NA,"2073-4409","2073-4409","https://creativecommons.org/licenses/by/4.0/",TRUE,"37408180","PMC10216082",NA,NA,TRUE
"Frankfurt U",2023,3013.42,"10.3390/cells12162112",FALSE,"MDPI AG","Cells","2073-4409",NA,"2073-4409","2073-4409","https://creativecommons.org/licenses/by/4.0/",TRUE,"37626922","PMC10453553",NA,NA,TRUE
"Frankfurt U",2023,2140.39,"10.3390/cells12172151",FALSE,"MDPI AG","Cells","2073-4409",NA,"2073-4409","2073-4409","https://creativecommons.org/licenses/by/4.0/",TRUE,"37681884","PMC10487010",NA,NA,TRUE
"Frankfurt U",2023,2439.5,"10.3390/cells12192399",FALSE,"MDPI AG","Cells","2073-4409",NA,"2073-4409","2073-4409","https://creativecommons.org/licenses/by/4.0/",TRUE,"37830614","PMC10572167",NA,NA,TRUE
"Frankfurt U",2024,3093.61,"10.3390/cells13040328",FALSE,"MDPI AG","Cells","2073-4409",NA,"2073-4409","2073-4409","https://creativecommons.org/licenses/by/4.0/",TRUE,"38391942","PMC10886960",NA,NA,TRUE
"Frankfurt U",2024,3024.12,"10.3390/cells13171429",FALSE,"MDPI AG","Cells","2073-4409",NA,"2073-4409","2073-4409","https://creativecommons.org/licenses/by/4.0/",TRUE,"39273001","PMC11394577",NA,NA,TRUE
"Frankfurt U",2024,3085.53,"10.3390/cells14020065",FALSE,"MDPI AG","Cells","2073-4409",NA,"2073-4409","2073-4409","https://creativecommons.org/licenses/by/4.0/",TRUE,"39851496","PMC11764315",NA,NA,TRUE
"Frankfurt U",2023,1619.89,"10.3390/children10020206",FALSE,"MDPI AG","Children","2227-9067",NA,"2227-9067","2227-9067","https://creativecommons.org/licenses/by/4.0/",TRUE,"36832335","PMC9955075",NA,NA,TRUE
"Frankfurt U",2023,2171.33,"10.3390/children10040686",FALSE,"MDPI AG","Children","2227-9067",NA,"2227-9067","2227-9067","https://creativecommons.org/licenses/by/4.0/",TRUE,"37189935","PMC10136852",NA,NA,TRUE
"Frankfurt U",2023,1638.32,"10.3390/children10050815",FALSE,"MDPI AG","Children","2227-9067",NA,"2227-9067","2227-9067","https://creativecommons.org/licenses/by/4.0/",TRUE,"37238363","PMC10217180",NA,NA,TRUE
"Frankfurt U",2024,1931.37,"10.3390/children11060666",FALSE,"MDPI AG","Children","2227-9067",NA,"2227-9067","2227-9067","https://creativecommons.org/licenses/by/4.0/",TRUE,"38929245","PMC11202123",NA,NA,TRUE
"Frankfurt U",2023,1963.13,"10.3390/curroncol30030267",FALSE,"MDPI AG","Current Oncology","1718-7729",NA,"1718-7729","1198-0052","https://creativecommons.org/licenses/by/4.0/",TRUE,"36975480","PMC10046993",NA,NA,TRUE
"",,,"","","","","","","","","","","","","","",""
"Frankfurt U",2023,2184.42,"10.3390/diagnostics13091614",FALSE,"MDPI AG","Diagnostics","2075-4418",NA,"2075-4418","2075-4418","https://creativecommons.org/licenses/by/4.0/",TRUE,"37175005","PMC10178748",NA,NA,TRUE
"",,,"","","","","","","","","","","","","","",""
"Frankfurt U",2023,2232.56,"10.3390/diagnostics13172750",FALSE,"MDPI AG","Diagnostics","2075-4418",NA,"2075-4418","2075-4418","https://creativecommons.org/licenses/by/4.0/",TRUE,"37685288","PMC10487019",NA,NA,TRUE
"Frankfurt U",2024,2205.83,"10.3390/diagnostics14050466",FALSE,"MDPI AG","Diagnostics","2075-4418",NA,"2075-4418","2075-4418","https://creativecommons.org/licenses/by/4.0/",TRUE,"38472939","PMC10930895",NA,NA,TRUE
"Frankfurt U",2024,1264.6,"10.3390/diagnostics14111184",FALSE,"MDPI AG","Diagnostics","2075-4418",NA,"2075-4418","2075-4418","https://creativecommons.org/licenses/by/4.0/",TRUE,"38893710","PMC11171881",NA,NA,TRUE
"Frankfurt U",2024,2913.16,"10.3390/diagnostics14131389",FALSE,"MDPI AG","Diagnostics","2075-4418",NA,"2075-4418","2075-4418","https://creativecommons.org/licenses/by/4.0/",TRUE,"39001279","PMC11241033",NA,NA,TRUE
"Frankfurt U",2023,1733.43,"10.3390/dj11030069",FALSE,"MDPI AG","Dentistry Journal","2304-6767",NA,"2304-6767","2304-6767","https://creativecommons.org/licenses/by/4.0/",TRUE,"36975566","PMC10047388",NA,NA,TRUE
"Frankfurt U",2023,2174.31,"10.3390/e25050766",FALSE,"MDPI AG","Entropy","1099-4300",NA,"1099-4300","1099-4300","https://creativecommons.org/licenses/by/4.0/",TRUE,"37238521","PMC10217136",NA,NA,TRUE
"Frankfurt U",2023,1413.7,"10.3390/educsci13070682",FALSE,"MDPI AG","Education Sciences","2227-7102",NA,"2227-7102","2227-7102","https://creativecommons.org/licenses/by/4.0/",TRUE,NA,NA,NA,NA,TRUE
"Frankfurt U",2023,2809.47,"10.3390/en17010073",FALSE,"MDPI AG","Energies","1996-1073",NA,"1996-1073","1996-1073","https://creativecommons.org/licenses/by/4.0/",TRUE,NA,NA,NA,NA,TRUE
"Frankfurt U",2024,2697.55,"10.3390/genes15060694",FALSE,"MDPI AG","Genes","2073-4425",NA,"2073-4425","2073-4425","https://creativecommons.org/licenses/by/4.0/",TRUE,"38927630","PMC11202940",NA,NA,FALSE
"",,,"","","","","","","","","","","","","","",""
"Frankfurt U",2023,1927.6,"10.3390/healthcare11040583",FALSE,"MDPI AG","Healthcare","2227-9032",NA,"2227-9032","2227-9032","https://creativecommons.org/licenses/by/4.0/",TRUE,"36833115","PMC9957105",NA,NA,FALSE
"Frankfurt U",2023,2002.39,"10.3390/healthcare11091274",FALSE,"MDPI AG","Healthcare","2227-9032",NA,"2227-9032","2227-9032","https://creativecommons.org/licenses/by/4.0/",TRUE,"37174816","PMC10178499",NA,NA,FALSE
"Frankfurt U",2023,2222.54,"10.3390/healthcare11152180",FALSE,"MDPI AG","Healthcare","2227-9032",NA,"2227-9032","2227-9032","https://creativecommons.org/licenses/by/4.0/",TRUE,"37570423","PMC10418895",NA,NA,FALSE
"Frankfurt U",2024,2987.92,"10.3390/healthcare12151481",FALSE,"MDPI AG","Healthcare","2227-9032",NA,"2227-9032","2227-9032","https://creativecommons.org/licenses/by/4.0/",TRUE,"39120184","PMC11311666",NA,NA,FALSE
"Frankfurt U",2024,3024.12,"10.3390/healthcare12171689",FALSE,"MDPI AG","Healthcare","2227-9032",NA,"2227-9032","2227-9032","https://creativecommons.org/licenses/by/4.0/",TRUE,"39273714","PMC11395687",NA,NA,FALSE
"Frankfurt U",2023,2698.36,"10.3390/ijerph20054552",FALSE,"MDPI AG","International Journal of Environmental Research and Public Health","1660-4601",NA,"1660-4601","1660-4601","https://creativecommons.org/licenses/by/4.0/",TRUE,"36901561","PMC10001752",NA,NA,FALSE
"Frankfurt U",2023,1770.28,"10.3390/ijms24031811",FALSE,"MDPI AG","International Journal of Molecular Sciences","1422-0067",NA,"1422-0067","1422-0067","https://creativecommons.org/licenses/by/4.0/",TRUE,"36768138","PMC9916320",NA,NA,FALSE
"Frankfurt U",2023,2120.68,"10.3390/ijms24065700",FALSE,"MDPI AG","International Journal of Molecular Sciences","1422-0067",NA,"1422-0067","1422-0067","https://creativecommons.org/licenses/by/4.0/",TRUE,"36982773","PMC10053770",NA,NA,FALSE
"Frankfurt U",2023,2703.93,"10.3390/ijms24076287",FALSE,"MDPI AG","International Journal of Molecular Sciences","1422-0067",NA,"1422-0067","1422-0067","https://creativecommons.org/licenses/by/4.0/",TRUE,"37047260","PMC10094176",NA,NA,FALSE
"Frankfurt U",2023,2485.14,"10.3390/ijms24108508",FALSE,"MDPI AG","International Journal of Molecular Sciences","1422-0067",NA,"1422-0067","1422-0067","https://creativecommons.org/licenses/by/4.0/",TRUE,"37239854","PMC10217805",NA,NA,FALSE
"Frankfurt U",2023,2445.75,"10.3390/ijms241210055",FALSE,"MDPI AG","International Journal of Molecular Sciences","1422-0067",NA,"1422-0067","1422-0067","https://creativecommons.org/licenses/by/4.0/",TRUE,"37373202","PMC10298140",NA,NA,FALSE
"Frankfurt U",2023,2603.93,"10.3390/ijms241210351",FALSE,"MDPI AG","International Journal of Molecular Sciences","1422-0067",NA,"1422-0067","1422-0067","https://creativecommons.org/licenses/by/4.0/",TRUE,"37373497","PMC10299521",NA,NA,FALSE
"Frankfurt U",2023,2074.79,"10.3390/ijms241411830",FALSE,"MDPI AG","International Journal of Molecular Sciences","1422-0067",NA,"1422-0067","1422-0067","https://creativecommons.org/licenses/by/4.0/",TRUE,"37511589","PMC10380769",NA,NA,FALSE
"Frankfurt U",2023,3286.45,"10.3390/ijms242417503",FALSE,"MDPI AG","International Journal of Molecular Sciences","1422-0067",NA,"1422-0067","1422-0067","https://creativecommons.org/licenses/by/4.0/",TRUE,"38139332","PMC10743472",NA,NA,FALSE
"Frankfurt U",2024,3323.81,"10.3390/ijms25021356",FALSE,"MDPI AG","International Journal of Molecular Sciences","1422-0067",NA,"1422-0067","1422-0067","https://creativecommons.org/licenses/by/4.0/",TRUE,"38279356","PMC10817008",NA,NA,FALSE
"Frankfurt U",2024,3647.53,"10.3390/ijms25031542",FALSE,"MDPI AG","International Journal of Molecular Sciences","1422-0067",NA,"1422-0067","1422-0067","https://creativecommons.org/licenses/by/4.0/",TRUE,"38338821","PMC10855542",NA,NA,FALSE
"Frankfurt U",2024,2483.68,"10.3390/ijms25084542",FALSE,"MDPI AG","International Journal of Molecular Sciences","1422-0067",NA,"1422-0067","1422-0067","https://creativecommons.org/licenses/by/4.0/",TRUE,"38674127","PMC11050025",NA,NA,FALSE
"Frankfurt U",2024,3143.14,"10.3390/ijms25115645",FALSE,"MDPI AG","International Journal of Molecular Sciences","1422-0067",NA,"1422-0067","1422-0067","https://creativecommons.org/licenses/by/4.0/",TRUE,"38891833","PMC11172154",NA,NA,FALSE
"Frankfurt U",2024,2480.79,"10.3390/ijms25115658",FALSE,"MDPI AG","International Journal of Molecular Sciences","1422-0067",NA,"1422-0067","1422-0067","https://creativecommons.org/licenses/by/4.0/",TRUE,"38891846","PMC11172072",NA,NA,FALSE
"Frankfurt U",2024,3249.28,"10.3390/ijms25137088",FALSE,"MDPI AG","International Journal of Molecular Sciences","1422-0067",NA,"1422-0067","1422-0067","https://creativecommons.org/licenses/by/4.0/",TRUE,"39000200","PMC11241445",NA,NA,FALSE
"Frankfurt U",2024,3249.3,"10.3390/ijms25137272",FALSE,"MDPI AG","International Journal of Molecular Sciences","1422-0067",NA,"1422-0067","1422-0067","https://creativecommons.org/licenses/by/4.0/",TRUE,"39000377","PMC11242703",NA,NA,FALSE
"Frankfurt U",2024,3177.88,"10.3390/ijms25179726",FALSE,"MDPI AG","International Journal of Molecular Sciences","1422-0067",NA,"1422-0067","1422-0067","https://creativecommons.org/licenses/by/4.0/",TRUE,"39273673","PMC11395311",NA,NA,FALSE
"Frankfurt U",2024,3180.37,"10.3390/ijms251910721",FALSE,"MDPI AG","International Journal of Molecular Sciences","1422-0067",NA,"1422-0067","1422-0067","https://creativecommons.org/licenses/by/4.0/",TRUE,"39409049","PMC11476531",NA,NA,FALSE
"Frankfurt U",2024,3312.47,"10.3390/ijms252011282",FALSE,"MDPI AG","International Journal of Molecular Sciences","1422-0067",NA,"1422-0067","1422-0067","https://creativecommons.org/licenses/by/4.0/",TRUE,"39457065","PMC11508407",NA,NA,FALSE
"Frankfurt U",2024,2796.94,"10.3390/ijms252312983",FALSE,"MDPI AG","International Journal of Molecular Sciences","1422-0067",NA,"1422-0067","1422-0067","https://creativecommons.org/licenses/by/4.0/",TRUE,"39684700","PMC11641791",NA,NA,FALSE
"Frankfurt U",2024,2602.85,"10.3390/ijms252413521",FALSE,"MDPI AG","International Journal of Molecular Sciences","1422-0067",NA,"1422-0067","1422-0067","https://creativecommons.org/licenses/by/4.0/",TRUE,"39769284","PMC11679561",NA,NA,FALSE
"Frankfurt U",2023,1563.26,"10.3390/instruments7030022",FALSE,"MDPI AG","Instruments","2410-390X",NA,"2410-390X","2410-390X","https://creativecommons.org/licenses/by/4.0/",TRUE,NA,NA,NA,NA,TRUE
"Frankfurt U",2024,2915.06,"10.3390/jcdd11060173",FALSE,"MDPI AG","Journal of Cardiovascular Development and Disease","2308-3425",NA,"2308-3425","2308-3425","https://creativecommons.org/licenses/by/4.0/",TRUE,"38921673","PMC11203494",NA,NA,TRUE
"Frankfurt U",2023,2812.09,"10.3390/jcm12072499",FALSE,"MDPI AG","Journal of Clinical Medicine","2077-0383",NA,"2077-0383","2077-0383","https://creativecommons.org/licenses/by/4.0/",TRUE,"37048583","PMC10094941",NA,NA,FALSE
"Frankfurt U",2023,2163.15,"10.3390/jcm12072560",FALSE,"MDPI AG","Journal of Clinical Medicine","2077-0383",NA,"2077-0383","2077-0383","https://creativecommons.org/licenses/by/4.0/",TRUE,"37048644","PMC10094797",NA,NA,FALSE
"Frankfurt U",2023,2807.69,"10.3390/jcm12082804",FALSE,"MDPI AG","Journal of Clinical Medicine","2077-0383",NA,"2077-0383","2077-0383","https://creativecommons.org/licenses/by/4.0/",TRUE,"37109141","PMC10146916",NA,NA,FALSE
"Frankfurt U",2023,2807.69,"10.3390/jcm12093175",FALSE,"MDPI AG","Journal of Clinical Medicine","2077-0383",NA,"2077-0383","2077-0383","https://creativecommons.org/licenses/by/4.0/",TRUE,"37176616","PMC10179185",NA,NA,FALSE
"Frankfurt U",2023,2182.07,"10.3390/jcm12103390",FALSE,"MDPI AG","Journal of Clinical Medicine","2077-0383",NA,"2077-0383","2077-0383","https://creativecommons.org/licenses/by/4.0/",TRUE,"37240497","PMC10219159",NA,NA,FALSE
"Frankfurt U",2023,2182.07,"10.3390/jcm12103394",FALSE,"MDPI AG","Journal of Clinical Medicine","2077-0383",NA,"2077-0383","2077-0383","https://creativecommons.org/licenses/by/4.0/",TRUE,"37240500","PMC10219378",NA,NA,FALSE
"Frankfurt U",2023,2836.7,"10.3390/jcm12103491",FALSE,"MDPI AG","Journal of Clinical Medicine","2077-0383",NA,"2077-0383","2077-0383","https://creativecommons.org/licenses/by/4.0/",TRUE,"37240598","PMC10219240",NA,NA,FALSE
"Frankfurt U",2023,2867.39,"10.3390/jcm12124101",FALSE,"MDPI AG","Journal of Clinical Medicine","2077-0383",NA,"2077-0383","2077-0383","https://creativecommons.org/licenses/by/4.0/",TRUE,"37373792","PMC10299532",NA,NA,FALSE
"Frankfurt U",2023,2850,"10.3390/jcm12134373",FALSE,"MDPI AG","Journal of Clinical Medicine","2077-0383",NA,"2077-0383","2077-0383","https://creativecommons.org/licenses/by/4.0/",TRUE,"37445409","PMC10342445",NA,NA,FALSE
"Frankfurt U",2023,2914.61,"10.3390/jcm12185770",FALSE,"MDPI AG","Journal of Clinical Medicine","2077-0383",NA,"2077-0383","2077-0383","https://creativecommons.org/licenses/by/4.0/",TRUE,"37762712","PMC10532051",NA,NA,FALSE
"Frankfurt U",2023,2917.82,"10.3390/jcm12185851",FALSE,"MDPI AG","Journal of Clinical Medicine","2077-0383",NA,"2077-0383","2077-0383","https://creativecommons.org/licenses/by/4.0/",TRUE,"37762793","PMC10532316",NA,NA,FALSE
"Frankfurt U",2023,2017.68,"10.3390/jcm12196415",FALSE,"MDPI AG","Journal of Clinical Medicine","2077-0383",NA,"2077-0383","2077-0383","https://creativecommons.org/licenses/by/4.0/",TRUE,"37835059","PMC10573698",NA,NA,FALSE
"Frankfurt U",2023,1897.4,"10.3390/jcm12216716",FALSE,"MDPI AG","Journal of Clinical Medicine","2077-0383",NA,"2077-0383","2077-0383","https://creativecommons.org/licenses/by/4.0/",TRUE,"37959182","PMC10648096",NA,NA,FALSE
"Frankfurt U",2023,1282.65,"10.3390/jcm12227047",FALSE,"MDPI AG","Journal of Clinical Medicine","2077-0383",NA,"2077-0383","2077-0383","https://creativecommons.org/licenses/by/4.0/",TRUE,"38002661","PMC10672247",NA,NA,FALSE
"Frankfurt U",2024,2979.02,"10.3390/jcm13040961",FALSE,"MDPI AG","Journal of Clinical Medicine","2077-0383",NA,"2077-0383","2077-0383","https://creativecommons.org/licenses/by/4.0/",TRUE,"38398274","PMC10888743",NA,NA,FALSE
"",,,"","","","","","","","","","","","","","",""
"",,,"","","","","","","","","","","","","","",""
"Frankfurt U",2024,2979.02,"10.3390/jcm13041062",FALSE,"MDPI AG","Journal of Clinical Medicine","2077-0383",NA,"2077-0383","2077-0383","https://creativecommons.org/licenses/by/4.0/",TRUE,"38398377","PMC10888708",NA,NA,FALSE
"Frankfurt U",2024,2979.02,"10.3390/jcm13051202",FALSE,"MDPI AG","Journal of Clinical Medicine","2077-0383",NA,"2077-0383","2077-0383","https://creativecommons.org/licenses/by/4.0/",TRUE,"38592056","PMC10932126",NA,NA,FALSE
"Frankfurt U",2024,2095.42,"10.3390/jcm13113070",FALSE,"MDPI AG","Journal of Clinical Medicine","2077-0383",NA,"2077-0383","2077-0383","https://creativecommons.org/licenses/by/4.0/",TRUE,"38892781","PMC11173059",NA,NA,FALSE
"Frankfurt U",2024,2845.35,"10.3390/jcm13113333",FALSE,"MDPI AG","Journal of Clinical Medicine","2077-0383",NA,"2077-0383","2077-0383","https://creativecommons.org/licenses/by/4.0/",TRUE,"38893044","PMC11173217",NA,NA,FALSE
"Frankfurt U",2024,2874.25,"10.3390/jcm13144081",FALSE,"MDPI AG","Journal of Clinical Medicine","2077-0383",NA,"2077-0383","2077-0383","https://creativecommons.org/licenses/by/4.0/",TRUE,"39064121","PMC11278414",NA,NA,FALSE
"Frankfurt U",2024,2877.27,"10.3390/jcm13154453",FALSE,"MDPI AG","Journal of Clinical Medicine","2077-0383",NA,"2077-0383","2077-0383","https://creativecommons.org/licenses/by/4.0/",TRUE,"39124720","PMC11313081",NA,NA,FALSE
"Frankfurt U",2024,3170.43,"10.3390/jcm13154525",FALSE,"MDPI AG","Journal of Clinical Medicine","2077-0383",NA,"2077-0383","2077-0383","https://creativecommons.org/licenses/by/4.0/",TRUE,"39124791","PMC11312726",NA,NA,FALSE
"Frankfurt U",2024,2304.28,"10.3390/jcm13175269",FALSE,"MDPI AG","Journal of Clinical Medicine","2077-0383",NA,"2077-0383","2077-0383","https://creativecommons.org/licenses/by/4.0/",TRUE,"39274482","PMC11396047",NA,NA,FALSE
"Frankfurt U",2024,2960.3,"10.3390/jcm13195690",FALSE,"MDPI AG","Journal of Clinical Medicine","2077-0383",NA,"2077-0383","2077-0383","https://creativecommons.org/licenses/by/4.0/",TRUE,"39407750","PMC11476588",NA,NA,FALSE
"Frankfurt U",2024,2557.24,"10.3390/jcm13195768",FALSE,"MDPI AG","Journal of Clinical Medicine","2077-0383",NA,"2077-0383","2077-0383","https://creativecommons.org/licenses/by/4.0/",TRUE,"39407828","PMC11476651",NA,NA,FALSE
"Frankfurt U",2024,3333.7,"10.3390/jcm13247719",FALSE,"MDPI AG","Journal of Clinical Medicine","2077-0383",NA,"2077-0383","2077-0383","https://creativecommons.org/licenses/by/4.0/",TRUE,"39768641","PMC11676802",NA,NA,FALSE
"Frankfurt U",2024,1269.77,"10.3390/jmp6010003",FALSE,"MDPI AG","Journal of Molecular Pathology","2673-5261",NA,"2673-5261","2673-5261","https://creativecommons.org/licenses/by/4.0/",TRUE,NA,NA,NA,NA,TRUE
"Frankfurt U",2024,1271.61,"10.3390/jpm14040401",FALSE,"MDPI AG","Journal of Personalized Medicine","2075-4426",NA,"2075-4426","2075-4426","https://creativecommons.org/licenses/by/4.0/",TRUE,"38673028","PMC11051171",NA,NA,FALSE
"Frankfurt U",2023,1519.64,"10.3390/jrfm16040248",FALSE,"MDPI AG","Journal of Risk and Financial Management","1911-8074",NA,"1911-8074","1911-8066","https://creativecommons.org/licenses/by/4.0/",TRUE,NA,NA,NA,NA,FALSE
"Frankfurt U",2023,1552.41,"10.3390/languages8040239",FALSE,"MDPI AG","Languages","2226-471X",NA,"2226-471X","2226-471X","https://creativecommons.org/licenses/by/4.0/",TRUE,NA,NA,NA,NA,TRUE
"Frankfurt U",2023,1552.01,"10.3390/languages8040279",FALSE,"MDPI AG","Languages","2226-471X",NA,"2226-471X","2226-471X","https://creativecommons.org/licenses/by/4.0/",TRUE,NA,NA,NA,NA,TRUE
"Frankfurt U",2023,1981.05,"10.3390/life13061341",FALSE,"MDPI AG","Life","2075-1729",NA,"2075-1729","2075-1729","https://creativecommons.org/licenses/by/4.0/",TRUE,"37374124","PMC10302009",NA,NA,TRUE
"Frankfurt U",2023,1981.05,"10.3390/life13061366",FALSE,"MDPI AG","Life","2075-1729",NA,"2075-1729","2075-1729","https://creativecommons.org/licenses/by/4.0/",TRUE,"37374148","PMC10300793",NA,NA,TRUE
"Frankfurt U",2024,2853.39,"10.3390/life14080927",FALSE,"MDPI AG","Life","2075-1729",NA,"2075-1729","2075-1729","https://creativecommons.org/licenses/by/4.0/",TRUE,"39202670","PMC11355816",NA,NA,TRUE
"Frankfurt U",2024,2912.12,"10.3390/life14091089",FALSE,"MDPI AG","Life","2075-1729",NA,"2075-1729","2075-1729","https://creativecommons.org/licenses/by/4.0/",TRUE,"39337873","PMC11432769",NA,NA,TRUE
"Frankfurt U",2024,2966.11,"10.3390/life14111510",FALSE,"MDPI AG","Life","2075-1729",NA,"2075-1729","2075-1729","https://creativecommons.org/licenses/by/4.0/",TRUE,"39598308","PMC11595751",NA,NA,TRUE
"Frankfurt U",2023,1384.33,"10.3390/ma16051997",FALSE,"MDPI AG","Materials","1996-1944",NA,"1996-1944","1996-1944","https://creativecommons.org/licenses/by/4.0/",TRUE,"36903110","PMC10004144",NA,NA,FALSE
"Frankfurt U",2024,1584.79,"10.3390/make6010013",FALSE,"MDPI AG","Machine Learning and Knowledge Extraction","2504-4990",NA,"2504-4990","2504-4990","https://creativecommons.org/licenses/by/4.0/",TRUE,NA,NA,NA,NA,TRUE
"Frankfurt U",2024,1950.91,"10.3390/make6020053",FALSE,"MDPI AG","Machine Learning and Knowledge Extraction","2504-4990",NA,"2504-4990","2504-4990","https://creativecommons.org/licenses/by/4.0/",TRUE,NA,NA,NA,NA,TRUE
"Frankfurt U",2023,1282.65,"10.3390/math11224627",FALSE,"MDPI AG","Mathematics","2227-7390",NA,"2227-7390","2227-7390","https://creativecommons.org/licenses/by/4.0/",TRUE,NA,NA,NA,NA,TRUE
"Frankfurt U",2024,1289.18,"10.3390/math12060900",FALSE,"MDPI AG","Mathematics","2227-7390",NA,"2227-7390","2227-7390","https://creativecommons.org/licenses/by/4.0/",TRUE,NA,NA,NA,NA,TRUE
"Frankfurt U",2024,1884.17,"10.3390/math12081217",FALSE,"MDPI AG","Mathematics","2227-7390",NA,"2227-7390","2227-7390","https://creativecommons.org/licenses/by/4.0/",TRUE,NA,NA,NA,NA,TRUE
"Frankfurt U",2023,1950.1,"10.3390/medicina59030451",FALSE,"MDPI AG","Medicina","1648-9144",NA,"1648-9144","1010-660X","https://creativecommons.org/licenses/by/4.0/",TRUE,"36984452","PMC10056449",NA,NA,TRUE
"Frankfurt U",2023,1836.09,"10.3390/medicina59050907",FALSE,"MDPI AG","Medicina","1648-9144",NA,"1648-9144","1010-660X","https://creativecommons.org/licenses/by/4.0/",TRUE,"37241139","PMC10223258",NA,NA,TRUE
"Frankfurt U",2023,1661.72,"10.3390/medicina59050978",FALSE,"MDPI AG","Medicina","1648-9144",NA,"1648-9144","1010-660X","https://creativecommons.org/licenses/by/4.0/",TRUE,"37241210","PMC10224216",NA,NA,TRUE
"Frankfurt U",2023,1981.05,"10.3390/medicina59061153",FALSE,"MDPI AG","Medicina","1648-9144",NA,"1648-9144","1010-660X","https://creativecommons.org/licenses/by/4.0/",TRUE,"37374357","PMC10305537",NA,NA,TRUE
"Frankfurt U",2024,2063.06,"10.3390/medicina60010173",FALSE,"MDPI AG","Medicina","1648-9144",NA,"1648-9144","1010-660X","https://creativecommons.org/licenses/by/4.0/",TRUE,"38256433","PMC10820446",NA,NA,TRUE
"Frankfurt U",2024,1955.2,"10.3390/medicina60071119",FALSE,"MDPI AG","Medicina","1648-9144",NA,"1648-9144","1010-660X","https://creativecommons.org/licenses/by/4.0/",TRUE,"39064548","PMC11278823",NA,NA,TRUE
"Frankfurt U",2024,1113.28,"10.3390/medicina60101564",FALSE,"MDPI AG","Medicina","1648-9144",NA,"1648-9144","1010-660X","https://creativecommons.org/licenses/by/4.0/",TRUE,"39459350","PMC11509625",NA,NA,TRUE
"Frankfurt U",2024,2482.02,"10.3390/medicina60101585",FALSE,"MDPI AG","Medicina","1648-9144",NA,"1648-9144","1010-660X","https://creativecommons.org/licenses/by/4.0/",TRUE,"39459373","PMC11509747",NA,NA,TRUE
"Frankfurt U",2023,2489.83,"10.3390/molecules28020690",FALSE,"MDPI AG","Molecules","1420-3049",NA,"1420-3049","1420-3049","https://creativecommons.org/licenses/by/4.0/",TRUE,"36677746","PMC9867477",NA,NA,TRUE
"Frankfurt U",2023,1877.87,"10.3390/nano13050858",FALSE,"MDPI AG","Nanomaterials","2079-4991",NA,"2079-4991","2079-4991","https://creativecommons.org/licenses/by/4.0/",TRUE,"36903735","PMC10005571",NA,NA,TRUE
"Frankfurt U",2023,1754.78,"10.3390/nano13212907",FALSE,"MDPI AG","Nanomaterials","2079-4991",NA,"2079-4991","2079-4991","https://creativecommons.org/licenses/by/4.0/",TRUE,"37947751","PMC10647607",NA,NA,TRUE
"Frankfurt U",2024,3020.03,"10.3390/nu16050623",FALSE,"MDPI AG","Nutrients","2072-6643",NA,"2072-6643","2072-6643","https://creativecommons.org/licenses/by/4.0/",TRUE,"38474751","PMC10934724",NA,NA,FALSE
"",,,"","","","","","","","","","","","","","",""
"Frankfurt U",2023,2184.42,"10.3390/ph16050663",FALSE,"MDPI AG","Pharmaceuticals","1424-8247",NA,"1424-8247","1424-8247","https://creativecommons.org/licenses/by/4.0/",TRUE,"37242447","PMC10220821",NA,NA,TRUE
"Frankfurt U",2023,3026.37,"10.3390/ph17010041",FALSE,"MDPI AG","Pharmaceuticals","1424-8247",NA,"1424-8247","1424-8247","https://creativecommons.org/licenses/by/4.0/",TRUE,"38256875","PMC10818943",NA,NA,TRUE
"Frankfurt U",2024,2224.38,"10.3390/ph17010101",FALSE,"MDPI AG","Pharmaceuticals","1424-8247",NA,"1424-8247","1424-8247","https://creativecommons.org/licenses/by/4.0/",TRUE,"38256934","PMC10819448",NA,NA,TRUE
"Frankfurt U",2023,1756.12,"10.3390/polym15020369",FALSE,"MDPI AG","Polymers","2073-4360",NA,"2073-4360","2073-4360","https://creativecommons.org/licenses/by/4.0/",TRUE,"36679249","PMC9866509",NA,NA,FALSE
"Frankfurt U",2023,1569.41,"10.3390/prosthesis5030062",FALSE,"MDPI AG","Prosthesis","2673-1592",NA,"2673-1592","2673-1592","https://creativecommons.org/licenses/by/4.0/",TRUE,NA,NA,NA,NA,FALSE
"Frankfurt U",2024,1024.88,"10.3390/quantum6030030",FALSE,"MDPI AG","Quantum Reports","2624-960X",NA,"2624-960X","2624-960X","https://creativecommons.org/licenses/by/4.0/",TRUE,NA,NA,NA,NA,TRUE
"",,,"","","","","","","","","","","","","","",""
"Frankfurt U",2024,1943.37,"10.3390/rel15060708",FALSE,"MDPI AG","Religions","2077-1444",NA,"2077-1444","2077-1444","https://creativecommons.org/licenses/by/4.0/",TRUE,NA,NA,NA,NA,TRUE
"",,,"","","","","","","","","","","","","","",""
"Frankfurt U",2024,1662.87,"10.3390/su16073041",FALSE,"MDPI AG","Sustainability","2071-1050",NA,"2071-1050","2071-1050","https://creativecommons.org/licenses/by/4.0/",TRUE,NA,NA,NA,NA,FALSE
"",,,"","","","","","","","","","","","","","",""
"",,,"","","","","","","","","","","","","","",""
"Frankfurt U",2024,2304.78,"10.3390/tomography10120150",FALSE,"MDPI AG","Tomography","2379-139X",NA,"2379-139X","2379-1381","https://creativecommons.org/licenses/by/4.0/",TRUE,"39728912","PMC11679113",NA,NA,TRUE
"",,,"","","","","","","","","","","","","","",""
"",,,"","","","","","","","","","","","","","",""
"Frankfurt U",2023,2045.73,"10.3390/v15041016",FALSE,"MDPI AG","Viruses","1999-4915",NA,"1999-4915","1999-4915","https://creativecommons.org/licenses/by/4.0/",TRUE,"37112996","PMC10146752",NA,NA,TRUE
"Frankfurt U",2024,2662.95,"10.3390/v16060938",FALSE,"MDPI AG","Viruses","1999-4915",NA,"1999-4915","1999-4915","https://creativecommons.org/licenses/by/4.0/",TRUE,"38932230","PMC11209495",NA,NA,TRUE
"Frankfurt U",2023,2232.56,"10.3390/vaccines11091428",FALSE,"MDPI AG","Vaccines","2076-393X",NA,"2076-393X","2076-393X","https://creativecommons.org/licenses/by/4.0/",TRUE,"37766105","PMC10537021",NA,NA,TRUE
"Frankfurt U",2024,1392.7,"10.3399/bjgpo.2024.0061",FALSE,"Royal College of General Practitioners","BJGP Open","2398-3795",NA,"2398-3795","2398-3795","CC BY",TRUE,"38565252","PMC11523505",NA,NA,TRUE
"Frankfurt U",2023,2665.5,"10.3847/2041-8213/acbbc5",FALSE,"American Astronomical Society","The Astrophysical Journal Letters","2041-8205","2041-8205","2041-8213","2041-8205","http://creativecommons.org/licenses/by/4.0/",TRUE,NA,NA,NA,NA,TRUE
"Frankfurt U",2024,1204.88,"10.3897/mycokeys.103.115799",FALSE,"Pensoft Publishers","MycoKeys","1314-4049","1314-4057","1314-4049","1314-4049","http://creativecommons.org/licenses/by/4.0/",TRUE,"38645977","PMC11031638",NA,NA,TRUE
"Frankfurt U",2023,1017.45,"10.3897/mycokeys.99.108462",FALSE,"Pensoft Publishers","MycoKeys","1314-4049","1314-4057","1314-4049","1314-4049","http://creativecommons.org/licenses/by/4.0/",TRUE,"37588798","PMC10425951",NA,NA,TRUE
"Frankfurt U",2024,1017.45,"10.3897/neobiota.90.112383",FALSE,"Pensoft Publishers","NeoBiota","1314-2488","1619-0033","1314-2488","1314-2488","http://creativecommons.org/licenses/by/4.0/",TRUE,NA,NA,NA,NA,TRUE
"Frankfurt U",2023,1085.86,"10.3934/era.2023228",FALSE,"American Institute of Mathematical Sciences (AIMS)","Electronic Research Archive","2688-1594","2688-1594",NA,"2688-1594",NA,TRUE,NA,NA,NA,NA,TRUE
"",,,"","","","","","","","","","","","","","",""
"Frankfurt U",2024,1906.52,"10.4103/nrr.nrr-d-24-00783",FALSE,"Ovid Technologies (Wolters Kluwer Health)","Neural Regeneration Research","1673-5374","1673-5374","1876-7958","1673-5374","http://creativecommons.org/licenses/by-nc-sa/4.0",TRUE,"39665826","PMC12296414",NA,NA,TRUE
"Frankfurt U",2025,336.88,"10.4236/ojapps.2025.151002",FALSE,"Scientific Research Publishing, Inc.","Open Journal of Applied Sciences","2165-3917","2165-3917","2165-3925","2165-3917","http://creativecommons.org/licenses/by/4.0/",TRUE,NA,NA,NA,NA,FALSE
"Frankfurt U",2024,442.95,"10.46471/gigabyte.105",FALSE,"GigaScience Press","Gigabyte","2709-4715",NA,"2709-4715","2709-4715","https://creativecommons.org/licenses/by/4.0/",TRUE,"38239770","PMC10795108",NA,NA,TRUE
"",,,"","","","","","","","","","","","","","",""
"",,,"","","","","","","","","","","","","","",""
"Frankfurt U",2024,547.4,"10.5070/g60113849",FALSE,"California Digital Library (CDL)","Glossa Psycholinguistics","2767-0279",NA,"2767-0279","2767-0279","CC BY",TRUE,NA,NA,NA,NA,TRUE
"Frankfurt U",2024,714,"10.5114/biolsport.2025.142647",FALSE,"Termedia Sp. z.o.o.","Biology of Sport","0860-021X","0860-021X",NA,"0860-021X","CC BY",TRUE,"40182721","PMC11963125",NA,NA,TRUE
"Frankfurt U",2024,952,"10.5114/jhk/190679",FALSE,"Termedia Sp. z.o.o.","Journal of Human Kinetics","1640-5544","1640-5544","1899-7562","1640-5544","https://creativecommons.org/licenses/by/4.0/",TRUE,"39944982","PMC11812155",NA,NA,FALSE
"Frankfurt U",2023,1881.39,"10.5194/acp-23-3887-2023",FALSE,"Copernicus GmbH","Atmospheric Chemistry and Physics","1680-7324",NA,"1680-7324","1680-7316","https://creativecommons.org/licenses/by/4.0/",TRUE,NA,NA,NA,NA,TRUE
"Frankfurt U",2023,1282.82,"10.5194/acp-23-4045-2023",FALSE,"Copernicus GmbH","Atmospheric Chemistry and Physics","1680-7324",NA,"1680-7324","1680-7316","https://creativecommons.org/licenses/by/4.0/",TRUE,NA,NA,NA,NA,TRUE
"Frankfurt U",2023,2102.73,"10.5194/acp-23-6613-2023",FALSE,"Copernicus GmbH","Atmospheric Chemistry and Physics","1680-7324",NA,"1680-7324","1680-7316","https://creativecommons.org/licenses/by/4.0/",TRUE,NA,NA,NA,NA,TRUE
"Frankfurt U",2024,1099.56,"10.5194/acp-24-3297-2024",FALSE,"Copernicus GmbH","Atmospheric Chemistry and Physics","1680-7324",NA,"1680-7324","1680-7316","https://creativecommons.org/licenses/by/4.0/",TRUE,NA,NA,NA,NA,TRUE
"Frankfurt U",2024,1557.71,"10.5194/acp-24-689-2024",FALSE,"Copernicus GmbH","Atmospheric Chemistry and Physics","1680-7324",NA,"1680-7324","1680-7316","https://creativecommons.org/licenses/by/4.0/",TRUE,NA,NA,NA,NA,TRUE
"Frankfurt U",2023,1881.39,"10.5194/bg-20-5069-2023",FALSE,"Copernicus GmbH","Biogeosciences","1726-4189",NA,"1726-4189","1726-4170","https://creativecommons.org/licenses/by/4.0/",TRUE,NA,NA,NA,NA,TRUE
"Frankfurt U",2024,2324.07,"10.5194/bg-21-3121-2024",FALSE,"Copernicus GmbH","Biogeosciences","1726-4189",NA,"1726-4189","1726-4170","https://creativecommons.org/licenses/by/4.0/",TRUE,NA,NA,NA,NA,TRUE
"",,,"","","","","","","","","","","","","","",""
"Frankfurt U",2024,1392.3,"10.5194/ejm-36-845-2024",FALSE,"Copernicus GmbH","European Journal of Mineralogy","1617-4011",NA,"1617-4011","0935-1221","https://creativecommons.org/licenses/by/4.0/",TRUE,NA,NA,NA,NA,TRUE
"Frankfurt U",2024,1904,"10.5194/gmd-17-8593-2024",FALSE,"Copernicus GmbH","Geoscientific Model Development","1991-9603",NA,"1991-9603","1991-959X","https://creativecommons.org/licenses/by/4.0/",TRUE,NA,NA,NA,NA,TRUE
"Frankfurt U",2024,1904,"10.5194/gmd-17-8817-2024",FALSE,"Copernicus GmbH","Geoscientific Model Development","1991-9603",NA,"1991-9603","1991-959X","https://creativecommons.org/licenses/by/4.0/",TRUE,NA,NA,NA,NA,TRUE
"Frankfurt U",2023,2199.12,"10.5194/hess-27-3663-2023",FALSE,"Copernicus GmbH","Hydrology and Earth System Sciences","1607-7938",NA,"1607-7938","1027-5606","https://creativecommons.org/licenses/by/4.0/",TRUE,NA,NA,NA,NA,TRUE
"Frankfurt U",2024,4094.79,"10.5194/hess-28-2259-2024",FALSE,"Copernicus GmbH","Hydrology and Earth System Sciences","1607-7938",NA,"1607-7938","1027-5606","https://creativecommons.org/licenses/by/4.0/",TRUE,NA,NA,NA,NA,TRUE
"Frankfurt U",2023,2142,"10.5194/mr-4-129-2023",FALSE,"Copernicus GmbH","Magnetic Resonance","2699-0016",NA,"2699-0016","2699-0016","https://creativecommons.org/licenses/by/4.0/",TRUE,"37904797","PMC10583281",NA,NA,TRUE
"Frankfurt U",2023,1963.5,"10.5194/mr-4-153-2023",FALSE,"Copernicus GmbH","Magnetic Resonance","2699-0016",NA,"2699-0016","2699-0016","https://creativecommons.org/licenses/by/4.0/",TRUE,"37904804","PMC10583289",NA,NA,TRUE
"Frankfurt U",2023,2409.75,"10.5194/mr-4-243-2023",FALSE,"Copernicus GmbH","Magnetic Resonance","2699-0016",NA,"2699-0016","2699-0016","https://creativecommons.org/licenses/by/4.0/",TRUE,"38111486","PMC10726030",NA,NA,TRUE
"Frankfurt U",2023,2324.07,"10.5194/nhess-23-2111-2023",FALSE,"Copernicus GmbH","Natural Hazards and Earth System Sciences","1684-9981",NA,"1684-9981","1561-8633","https://creativecommons.org/licenses/by/4.0/",TRUE,NA,NA,NA,NA,TRUE
"Frankfurt U",2023,2976,"10.5194/se-14-1123-2023",FALSE,"Copernicus GmbH","Solid Earth","1869-9529",NA,"1869-9529","1869-9529","https://creativecommons.org/licenses/by/4.0/",TRUE,NA,NA,NA,NA,TRUE
"Frankfurt U",2023,1217.37,"10.5194/se-14-859-2023",FALSE,"Copernicus GmbH","Solid Earth","1869-9529",NA,"1869-9529","1869-9529","https://creativecommons.org/licenses/by/4.0/",TRUE,NA,NA,NA,NA,TRUE
"Frankfurt U",2024,1881.39,"10.5194/se-15-197-2024",FALSE,"Copernicus GmbH","Solid Earth","1869-9529",NA,"1869-9529","1869-9529","https://creativecommons.org/licenses/by/4.0/",TRUE,NA,NA,NA,NA,TRUE
"Frankfurt U",2024,2142,"10.52082/jssm.2024.276",FALSE,"University of Uludag","Journal of Sports Science and Medicine","1303-2968",NA,"1303-2968","1303-2968","https://creativecommons.org/licenses/by/4.0/",TRUE,"38841643","PMC11149080",NA,NA,FALSE
"Frankfurt U",2023,887.17,"10.5334/dsj-2023-042",FALSE,"Ubiquity Press, Ltd.","Data Science Journal","1683-1470","1683-1470",NA,"1683-1470",NA,TRUE,NA,NA,NA,NA,TRUE
"Frankfurt U",2024,902.42,"10.5334/dsj-2024-013",FALSE,"Ubiquity Press, Ltd.","Data Science Journal","1683-1470","1683-1470",NA,"1683-1470","CC BY",TRUE,NA,NA,NA,NA,TRUE
"Frankfurt U",2024,920.14,"10.5334/dsj-2024-043",FALSE,"Ubiquity Press, Ltd.","Data Science Journal","1683-1470","1683-1470",NA,"1683-1470",NA,TRUE,NA,NA,NA,NA,TRUE
"Frankfurt U",2023,2025.93,"10.5334/ijic.6442",FALSE,"Ubiquity Press, Ltd.","International Journal of Integrated Care","1568-4156","1568-4156",NA,"1568-4156",NA,TRUE,"37275630","PMC10237241",NA,NA,TRUE
"Frankfurt U",2024,3260.67,"10.7150/thno.96092",FALSE,"Ivyspring International Publisher","Theranostics","1838-7640","1838-7640",NA,"1838-7640","CC BY",TRUE,"38855187","PMC11155399",NA,NA,TRUE
"Frankfurt U",2024,2781.67,"10.7554/elife.103537",FALSE,"eLife Sciences Publications, Ltd","eLife","2050-084X",NA,"2050-084X","2050-084X","http://creativecommons.org/licenses/by/4.0/",FALSE,NA,NA,NA,NA,TRUE
"Frankfurt U",2023,3284.4,"10.7554/elife.85432",FALSE,"eLife Sciences Publications, Ltd","eLife","2050-084X",NA,"2050-084X","2050-084X","http://creativecommons.org/licenses/by/4.0/",TRUE,"37345806","PMC10325711",NA,NA,TRUE
"Frankfurt U",2023,2184.76,"10.7554/elife.89483",FALSE,"eLife Sciences Publications, Ltd","eLife","2050-084X",NA,"2050-084X","2050-084X","http://creativecommons.org/licenses/by/4.0/",TRUE,"38953517","PMC11219037",NA,NA,TRUE
"Frankfurt U",2024,2206.77,"10.7554/elife.99478",FALSE,"eLife Sciences Publications, Ltd","eLife","2050-084X",NA,"2050-084X","2050-084X","http://creativecommons.org/licenses/by/4.0/",TRUE,"40549432","PMC12185101",NA,NA,TRUE
"Frankfurt U",2023,1471.44,"10.7717/peerj.15800",FALSE,"PeerJ","PeerJ","2167-8359",NA,"2167-8359","2167-8359","https://creativecommons.org/licenses/by/4.0/",TRUE,"37551343","PMC10404395",NA,NA,TRUE
"Frankfurt U",2024,2028.65,"10.7717/peerj.17782",FALSE,"PeerJ","PeerJ","2167-8359",NA,"2167-8359","2167-8359","https://creativecommons.org/licenses/by/4.0/",TRUE,"39364359","PMC11448751",NA,NA,TRUE
"",,,"","","","","","","","","","","","","","",""
"",,,"","","","","","","","","","","","","","",""
"",,,"","","","","","","","","","","","","","",""
"",,,"","","","","","","","","","","","","","",""
"",,,"","","","","","","","","","","","","","",""
"",,,"","","","","","","","","","","","","","",""
"",,,"","","","","","","","","","","","","","",""
"",,,"","","","","","","","","","","","","","",""
"",,,"","","","","","","","","","","","","","",""
"",,,"","","","","","","","","","","","","","",""
"",,,"","","","","","","","","","","","","","",""
"",,,"","","","","","","","","","","","","","",""
"",,,"","","","","","","","","","","","","","",""
"",,,"","","","","","","","","","","","","","",""
"",,,"","","","","","","","","","","","","","",""
"",,,"","","","","","","","","","","","","","",""
"",,,"","","","","","","","","","","","","","",""
"Frankfurt U",2024,4332.12,"10.3791/65110",TRUE,"MyJove Corporation","Journal of Visualized Experiments","1940-087X",NA,"1940-087X","1940-087X","CC BY NC-ND",TRUE,"38465922",NA,NA,NA,FALSE
"",,,"","","","","","","","","","","","","","",""
"Frankfurt U",2024,400,"10.3205/zma001722",FALSE,"German Medical Science","GMS Journal for Medical Education","2366-5017",NA,"2366-5017","2366-5017","http://creativecommons.org/licenses/by/4.0/",FALSE,NA,NA,NA,NA,TRUE
